1	MARY	2.63	8585507
2	PATRICIA	1.07	3504089
3	LINDA	1.04	3379992
4	BARBARA	0.98	3200379
5	ELIZABETH	0.94	3059954
6	JENNIFER	0.93	3043626
7	MARIA	0.83	2703994
8	SUSAN	0.79	2592960
9	MARGARET	0.77	2508052
10	DOROTHY	0.73	2374159
11	LISA	0.70	2299048
12	NANCY	0.67	2184749
13	KAREN	0.67	2178217
14	BETTY	0.67	2174952
15	HELEN	0.66	2165155
16	SANDRA	0.63	2054121
17	DONNA	0.58	1903899
18	CAROL	0.57	1845117
19	RUTH	0.56	1835320
20	SHARON	0.52	1704692
21	MICHELLE	0.52	1694895
22	LAURA	0.51	1665503
23	SARAH	0.51	1658972
24	KIMBERLY	0.50	1645909
25	DEBORAH	0.49	1613252
26	JESSICA	0.49	1600190
27	SHIRLEY	0.48	1574064
28	CYNTHIA	0.47	1531610
29	ANGELA	0.47	1528344
30	MELISSA	0.46	1508750
31	BRENDA	0.46	1485890
32	AMY	0.45	1472828
33	ANNA	0.44	1436905
34	REBECCA	0.43	1404248
35	VIRGINIA	0.43	1404248
36	KATHLEEN	0.42	1384654
37	PAMELA	0.42	1358528
38	MARTHA	0.41	1345466
39	DEBRA	0.41	1332403
40	AMANDA	0.40	1319340
41	STEPHANIE	0.40	1306277
42	CAROLYN	0.39	1257292
43	CHRISTINE	0.38	1247495
44	MARIE	0.38	1237698
45	JANET	0.38	1237698
46	CATHERINE	0.37	1218104
47	FRANCES	0.37	1208306
48	ANN	0.36	1188712
49	JOYCE	0.36	1188712
50	DIANE	0.36	1172384
51	ALICE	0.36	1165852
52	JULIE	0.35	1136461
53	HEATHER	0.34	1100539
54	TERESA	0.34	1097273
55	DORIS	0.34	1094007
56	GLORIA	0.34	1094007
57	EVELYN	0.32	1051553
58	JEAN	0.32	1028693
59	CHERYL	0.32	1028693
60	MILDRED	0.31	1022162
61	KATHERINE	0.31	1022162
62	JOAN	0.31	999302
63	ASHLEY	0.30	989505
64	JUDITH	0.30	969911
65	ROSE	0.30	966645
66	JANICE	0.29	930723
67	KELLY	0.28	924191
68	NICOLE	0.28	917660
69	JUDY	0.28	901331
70	CHRISTINA	0.28	898066
71	KATHY	0.27	888269
72	THERESA	0.27	885003
73	BEVERLY	0.27	871940
74	DENISE	0.26	862143
75	TAMMY	0.26	845815
76	IRENE	0.25	822955
77	JANE	0.25	816423
78	LORI	0.25	809892
79	RACHEL	0.24	790298
80	MARILYN	0.24	787032
81	ANDREA	0.24	770704
82	KATHRYN	0.23	764172
83	LOUISE	0.23	747844
84	SARA	0.23	747844
85	ANNE	0.23	744578
86	JACQUELINE	0.23	744578
87	WANDA	0.23	738047
88	BONNIE	0.22	728250
89	JULIA	0.22	728250
90	RUBY	0.22	721718
91	LOIS	0.22	718452
92	TINA	0.22	718452
93	PHYLLIS	0.22	715187
94	NORMA	0.22	711921
95	PAULA	0.22	708655
96	DIANA	0.22	705390
97	ANNIE	0.22	705390
98	LILLIAN	0.21	689061
99	EMILY	0.21	679264
100	ROBIN	0.21	679264
101	PEGGY	0.21	679264
102	CRYSTAL	0.21	675998
103	GLADYS	0.21	669467
104	RITA	0.20	666201
105	DAWN	0.20	659670
106	CONNIE	0.20	653139
107	FLORENCE	0.20	653139
108	TRACY	0.20	643342
109	EDNA	0.20	643342
110	TIFFANY	0.20	636810
111	CARMEN	0.20	636810
112	ROSA	0.19	633544
113	CINDY	0.19	627013
114	GRACE	0.19	617216
115	WENDY	0.19	604153
116	VICTORIA	0.18	587825
117	EDITH	0.18	584559
118	KIM	0.18	581293
119	SHERRY	0.18	581293
120	SYLVIA	0.18	578028
121	JOSEPHINE	0.18	578028
122	THELMA	0.18	571496
123	SHANNON	0.18	571496
124	SHEILA	0.18	571496
125	ETHEL	0.17	568231
126	ELLEN	0.17	564965
127	ELAINE	0.17	564965
128	MARJORIE	0.17	564965
129	CARRIE	0.17	558434
130	CHARLOTTE	0.17	551902
131	MONICA	0.17	542105
132	ESTHER	0.17	542105
133	PAULINE	0.17	538839
134	EMMA	0.17	538839
135	JUANITA	0.16	535574
136	ANITA	0.16	529042
137	RHONDA	0.16	529042
138	HAZEL	0.16	525777
139	AMBER	0.16	522511
140	EVA	0.16	519245
141	DEBBIE	0.16	512714
142	APRIL	0.15	502917
143	LESLIE	0.15	502917
144	CLARA	0.15	499651
145	LUCILLE	0.15	499651
146	JAMIE	0.15	499651
147	JOANNE	0.15	489854
148	ELEANOR	0.15	489854
149	VALERIE	0.15	486588
150	DANIELLE	0.15	486588
151	MEGAN	0.15	480057
152	ALICIA	0.15	476791
153	SUZANNE	0.15	473525
154	MICHELE	0.15	473525
155	GAIL	0.15	473525
156	BERTHA	0.14	466994
157	DARLENE	0.14	463728
158	VERONICA	0.14	463728
159	JILL	0.14	463728
160	ERIN	0.14	460463
161	GERALDINE	0.14	460463
162	LAUREN	0.14	447400
163	CATHY	0.14	447400
164	JOANN	0.14	444134
165	LORRAINE	0.14	440869
166	LYNN	0.14	440869
167	SALLY	0.14	440869
168	REGINA	0.13	434337
169	ERICA	0.13	424540
170	BEATRICE	0.13	424540
171	DOLORES	0.13	421274
172	BERNICE	0.13	418009
173	AUDREY	0.13	414743
174	YVONNE	0.13	411477
175	ANNETTE	0.13	408212
176	JUNE	0.13	408212
177	SAMANTHA	0.12	404946
178	MARION	0.12	398415
179	DANA	0.12	398415
180	STACY	0.12	395149
181	ANA	0.12	391883
182	RENEE	0.12	391883
183	IDA	0.12	385352
184	VIVIAN	0.12	385352
185	ROBERTA	0.12	382086
186	HOLLY	0.12	382086
187	BRITTANY	0.12	382086
188	MELANIE	0.12	378820
189	LORETTA	0.12	375555
190	YOLANDA	0.12	375555
191	JEANETTE	0.12	375555
192	LAURIE	0.11	372289
193	KATIE	0.11	369023
194	KRISTEN	0.11	362492
195	VANESSA	0.11	362492
196	ALMA	0.11	362492
197	SUE	0.11	362492
198	ELSIE	0.11	359226
199	BETH	0.11	359226
200	JEANNE	0.11	355961
201	VICKI	0.11	355961
202	CARLA	0.11	349429
203	TARA	0.11	349429
204	ROSEMARY	0.11	349429
205	EILEEN	0.11	342898
206	TERRI	0.11	342898
207	GERTRUDE	0.10	336366
208	LUCY	0.10	336366
209	TONYA	0.10	333101
210	ELLA	0.10	329835
211	STACEY	0.10	329835
212	WILMA	0.10	323304
213	GINA	0.10	323304
214	KRISTIN	0.10	323304
215	JESSIE	0.10	320038
216	NATALIE	0.10	320038
217	AGNES	0.10	320038
218	VERA	0.10	320038
219	WILLIE	0.10	316772
220	CHARLENE	0.10	316772
221	BESSIE	0.10	313507
222	DELORES	0.10	310241
223	MELINDA	0.09	306975
224	PEARL	0.09	306975
225	ARLENE	0.09	306975
226	MAUREEN	0.09	300444
227	COLLEEN	0.09	300444
228	ALLISON	0.09	300444
229	TAMARA	0.09	300444
230	JOY	0.09	297178
231	GEORGIA	0.09	297178
232	CONSTANCE	0.09	297178
233	LILLIE	0.09	293912
234	CLAUDIA	0.09	293912
235	JACKIE	0.09	293912
236	MARCIA	0.09	293912
237	TANYA	0.09	290647
238	NELLIE	0.09	290647
239	MINNIE	0.09	290647
240	MARLENE	0.09	287381
241	HEIDI	0.09	287381
242	GLENDA	0.09	287381
243	LYDIA	0.09	280850
244	VIOLA	0.09	280850
245	COURTNEY	0.09	280850
246	MARIAN	0.09	280850
247	STELLA	0.09	277584
248	CAROLINE	0.09	277584
249	DORA	0.08	274318
250	JO	0.08	271053
251	VICKIE	0.08	267787
252	MATTIE	0.08	264521
253	TERRY	0.08	261255
254	MAXINE	0.08	257990
255	IRMA	0.08	257990
256	MABEL	0.08	254724
257	MARSHA	0.08	254724
258	MYRTLE	0.08	254724
259	LENA	0.08	251458
260	CHRISTY	0.08	251458
261	DEANNA	0.08	248193
262	PATSY	0.08	248193
263	HILDA	0.08	244927
264	GWENDOLYN	0.07	241661
265	JENNIE	0.07	238396
266	NORA	0.07	238396
267	MARGIE	0.07	235130
268	NINA	0.07	235130
269	CASSANDRA	0.07	235130
270	LEAH	0.07	235130
271	PENNY	0.07	231864
272	KAY	0.07	231864
273	PRISCILLA	0.07	231864
274	NAOMI	0.07	231864
275	CAROLE	0.07	231864
276	BRANDY	0.07	228599
277	OLGA	0.07	228599
278	BILLIE	0.07	225333
279	DIANNE	0.07	225333
280	TRACEY	0.07	225333
281	LEONA	0.07	225333
282	JENNY	0.07	222067
283	FELICIA	0.07	222067
284	SONIA	0.07	222067
285	MIRIAM	0.07	215536
286	VELMA	0.07	215536
287	BECKY	0.07	215536
288	BOBBIE	0.07	212270
289	VIOLET	0.07	212270
290	KRISTINA	0.07	212270
291	TONI	0.06	209004
292	MISTY	0.06	205739
293	MAE	0.06	205739
294	SHELLY	0.06	202473
295	DAISY	0.06	202473
296	RAMONA	0.06	202473
297	SHERRI	0.06	202473
298	ERIKA	0.06	199207
299	KATRINA	0.06	199207
300	CLAIRE	0.06	199207
301	LINDSEY	0.06	195942
302	LINDSAY	0.06	195942
303	GENEVA	0.06	192676
304	GUADALUPE	0.06	192676
305	BELINDA	0.06	192676
306	MARGARITA	0.06	192676
307	SHERYL	0.06	192676
308	CORA	0.06	189410
309	FAYE	0.06	189410
310	ADA	0.06	186145
311	NATASHA	0.06	186145
312	SABRINA	0.06	186145
313	ISABEL	0.06	186145
314	MARGUERITE	0.06	182879
315	HATTIE	0.06	182879
316	HARRIET	0.06	182879
317	MOLLY	0.06	179613
318	CECILIA	0.06	179613
319	KRISTI	0.06	179613
320	BRANDI	0.06	179613
321	BLANCHE	0.06	179613
322	SANDY	0.06	179613
323	ROSIE	0.06	179613
324	JOANNA	0.06	179613
325	IRIS	0.06	179613
326	EUNICE	0.05	176347
327	ANGIE	0.05	176347
328	INEZ	0.05	173082
329	LYNDA	0.05	173082
330	MADELINE	0.05	169816
331	AMELIA	0.05	169816
332	ALBERTA	0.05	169816
333	GENEVIEVE	0.05	166550
334	MONIQUE	0.05	166550
335	JODI	0.05	166550
336	JANIE	0.05	166550
337	MAGGIE	0.05	166550
338	KAYLA	0.05	166550
339	SONYA	0.05	166550
340	JAN	0.05	166550
341	LEE	0.05	166550
342	KRISTINE	0.05	166550
343	CANDACE	0.05	166550
344	FANNIE	0.05	163285
345	MARYANN	0.05	163285
346	OPAL	0.05	163285
347	ALISON	0.05	163285
348	YVETTE	0.05	163285
349	MELODY	0.05	163285
350	LUZ	0.05	160019
351	SUSIE	0.05	160019
352	OLIVIA	0.05	160019
353	FLORA	0.05	160019
354	SHELLEY	0.05	160019
355	KRISTY	0.05	156753
356	MAMIE	0.05	156753
357	LULA	0.05	156753
358	LOLA	0.05	156753
359	VERNA	0.05	156753
360	BEULAH	0.05	156753
361	ANTOINETTE	0.05	156753
362	CANDICE	0.05	150222
363	JUANA	0.05	150222
364	JEANNETTE	0.05	150222
365	PAM	0.05	150222
366	KELLI	0.05	150222
367	HANNAH	0.05	146956
368	WHITNEY	0.05	146956
369	BRIDGET	0.05	146956
370	KARLA	0.04	143690
371	CELIA	0.04	143690
372	LATOYA	0.04	140425
373	PATTY	0.04	140425
374	SHELIA	0.04	140425
375	GAYLE	0.04	140425
376	DELLA	0.04	140425
377	VICKY	0.04	140425
378	LYNNE	0.04	140425
379	SHERI	0.04	137159
380	MARIANNE	0.04	137159
381	KARA	0.04	133893
382	JACQUELYN	0.04	133893
383	ERMA	0.04	133893
384	BLANCA	0.04	133893
385	MYRA	0.04	130628
386	LETICIA	0.04	130628
387	PAT	0.04	130628
388	KRISTA	0.04	130628
389	ROXANNE	0.04	130628
390	ANGELICA	0.04	127362
391	JOHNNIE	0.04	127362
392	ROBYN	0.04	127362
393	FRANCIS	0.04	127362
394	ADRIENNE	0.04	127362
395	ROSALIE	0.04	127362
396	ALEXANDRA	0.04	127362
397	BROOKE	0.04	127362
398	BETHANY	0.04	127362
399	SADIE	0.04	127362
400	BERNADETTE	0.04	127362
401	TRACI	0.04	124096
402	JODY	0.04	124096
403	KENDRA	0.04	124096
404	JASMINE	0.04	124096
405	NICHOLE	0.04	124096
406	RACHAEL	0.04	124096
407	CHELSEA	0.04	124096
408	MABLE	0.04	124096
409	ERNESTINE	0.04	124096
410	MURIEL	0.04	124096
411	MARCELLA	0.04	120831
412	ELENA	0.04	120831
413	KRYSTAL	0.04	120831
414	ANGELINA	0.04	120831
415	NADINE	0.04	117565
416	KARI	0.04	117565
417	ESTELLE	0.04	117565
418	DIANNA	0.04	117565
419	PAULETTE	0.04	117565
420	LORA	0.04	117565
421	MONA	0.04	114299
422	DOREEN	0.04	114299
423	ROSEMARIE	0.04	114299
424	ANGEL	0.04	114299
425	DESIREE	0.04	114299
426	ANTONIA	0.04	114299
427	HOPE	0.03	111034
428	GINGER	0.03	111034
429	JANIS	0.03	111034
430	BETSY	0.03	111034
431	CHRISTIE	0.03	111034
432	FREDA	0.03	111034
433	MERCEDES	0.03	107768
434	MEREDITH	0.03	107768
435	LYNETTE	0.03	107768
436	TERI	0.03	107768
437	CRISTINA	0.03	107768
438	EULA	0.03	107768
439	LEIGH	0.03	104502
440	MEGHAN	0.03	104502
441	SOPHIA	0.03	104502
442	ELOISE	0.03	104502
443	ROCHELLE	0.03	104502
444	GRETCHEN	0.03	104502
445	CECELIA	0.03	104502
446	RAQUEL	0.03	101236
447	HENRIETTA	0.03	101236
448	ALYSSA	0.03	101236
449	JANA	0.03	101236
450	KELLEY	0.03	101236
451	GWEN	0.03	101236
452	KERRY	0.03	101236
453	JENNA	0.03	97971
454	TRICIA	0.03	97971
455	LAVERNE	0.03	97971
456	OLIVE	0.03	97971
457	ALEXIS	0.03	97971
458	TASHA	0.03	97971
459	SILVIA	0.03	94705
460	ELVIRA	0.03	94705
461	CASEY	0.03	94705
462	DELIA	0.03	94705
463	SOPHIE	0.03	94705
464	KATE	0.03	94705
465	PATTI	0.03	94705
466	LORENA	0.03	94705
467	KELLIE	0.03	94705
468	SONJA	0.03	94705
469	LILA	0.03	94705
470	LANA	0.03	94705
471	DARLA	0.03	94705
472	MAY	0.03	94705
473	MINDY	0.03	94705
474	ESSIE	0.03	94705
475	MANDY	0.03	94705
476	LORENE	0.03	91439
477	ELSA	0.03	91439
478	JOSEFINA	0.03	91439
479	JEANNIE	0.03	91439
480	MIRANDA	0.03	91439
481	DIXIE	0.03	91439
482	LUCIA	0.03	91439
483	MARTA	0.03	91439
484	FAITH	0.03	91439
485	LELA	0.03	91439
486	JOHANNA	0.03	91439
487	SHARI	0.03	91439
488	CAMILLE	0.03	91439
489	TAMI	0.03	88174
490	SHAWNA	0.03	88174
491	ELISA	0.03	88174
492	EBONY	0.03	88174
493	MELBA	0.03	88174
494	ORA	0.03	88174
495	NETTIE	0.03	88174
496	TABITHA	0.03	88174
497	OLLIE	0.03	88174
498	JAIME	0.03	88174
499	WINIFRED	0.03	88174
500	KRISTIE	0.03	88174
501	MARINA	0.03	88174
502	ALISHA	0.03	88174
503	AIMEE	0.03	88174
504	RENA	0.03	88174
505	MYRNA	0.03	84908
506	MARLA	0.03	84908
507	TAMMIE	0.03	84908
508	LATASHA	0.03	84908
509	BONITA	0.03	84908
510	PATRICE	0.03	84908
511	RONDA	0.03	84908
512	SHERRIE	0.03	84908
513	ADDIE	0.03	84908
514	FRANCINE	0.03	81642
515	DELORIS	0.03	81642
516	STACIE	0.03	81642
517	ADRIANA	0.03	81642
518	CHERI	0.03	81642
519	SHELBY	0.03	81642
520	ABIGAIL	0.03	81642
521	CELESTE	0.03	81642
522	JEWEL	0.03	81642
523	CARA	0.03	81642
524	ADELE	0.03	81642
525	REBEKAH	0.03	81642
526	LUCINDA	0.03	81642
527	DORTHY	0.03	81642
528	CHRIS	0.02	78377
529	EFFIE	0.02	78377
530	TRINA	0.02	78377
531	REBA	0.02	78377
532	SHAWN	0.02	78377
533	SALLIE	0.02	78377
534	AURORA	0.02	78377
535	LENORA	0.02	78377
536	ETTA	0.02	78377
537	LOTTIE	0.02	78377
538	KERRI	0.02	78377
539	TRISHA	0.02	78377
540	NIKKI	0.02	78377
541	ESTELLA	0.02	78377
542	FRANCISCA	0.02	78377
543	JOSIE	0.02	78377
544	TRACIE	0.02	78377
545	MARISSA	0.02	78377
546	KARIN	0.02	78377
547	BRITTNEY	0.02	78377
548	JANELLE	0.02	78377
549	LOURDES	0.02	78377
550	LAUREL	0.02	78377
551	HELENE	0.02	78377
552	FERN	0.02	78377
553	ELVA	0.02	78377
554	CORINNE	0.02	78377
555	KELSEY	0.02	78377
556	INA	0.02	75111
557	BETTIE	0.02	75111
558	ELISABETH	0.02	75111
559	AIDA	0.02	75111
560	CAITLIN	0.02	75111
561	INGRID	0.02	75111
562	IVA	0.02	75111
563	EUGENIA	0.02	75111
564	CHRISTA	0.02	75111
565	GOLDIE	0.02	75111
566	CASSIE	0.02	75111
567	MAUDE	0.02	75111
568	JENIFER	0.02	75111
569	THERESE	0.02	71845
570	FRANKIE	0.02	71845
571	DENA	0.02	71845
572	LORNA	0.02	71845
573	JANETTE	0.02	71845
574	LATONYA	0.02	71845
575	CANDY	0.02	71845
576	MORGAN	0.02	71845
577	CONSUELO	0.02	71845
578	TAMIKA	0.02	71845
579	ROSETTA	0.02	71845
580	DEBORA	0.02	71845
581	CHERIE	0.02	71845
582	POLLY	0.02	71845
583	DINA	0.02	71845
584	JEWELL	0.02	68580
585	FAY	0.02	68580
586	JILLIAN	0.02	68580
587	DOROTHEA	0.02	68580
588	NELL	0.02	68580
589	TRUDY	0.02	68580
590	ESPERANZA	0.02	68580
591	PATRICA	0.02	68580
592	KIMBERLEY	0.02	68580
593	SHANNA	0.02	68580
594	HELENA	0.02	68580
595	CAROLINA	0.02	68580
596	CLEO	0.02	68580
597	STEFANIE	0.02	68580
598	ROSARIO	0.02	65314
599	OLA	0.02	65314
600	JANINE	0.02	65314
601	MOLLIE	0.02	65314
602	LUPE	0.02	65314
603	ALISA	0.02	65314
604	LOU	0.02	65314
605	MARIBEL	0.02	65314
606	SUSANNE	0.02	65314
607	BETTE	0.02	62048
608	SUSANA	0.02	62048
609	ELISE	0.02	62048
610	CECILE	0.02	62048
611	ISABELLE	0.02	62048
612	LESLEY	0.02	62048
613	JOCELYN	0.02	62048
614	PAIGE	0.02	62048
615	JONI	0.02	62048
616	RACHELLE	0.02	62048
617	LEOLA	0.02	62048
618	DAPHNE	0.02	62048
619	ALTA	0.02	62048
620	ESTER	0.02	62048
621	PETRA	0.02	62048
622	GRACIELA	0.02	62048
623	IMOGENE	0.02	62048
624	JOLENE	0.02	62048
625	KEISHA	0.02	62048
626	LACEY	0.02	58782
627	GLENNA	0.02	58782
628	GABRIELA	0.02	58782
629	KERI	0.02	58782
630	URSULA	0.02	58782
631	LIZZIE	0.02	58782
632	KIRSTEN	0.02	58782
633	SHANA	0.02	58782
634	ADELINE	0.02	58782
635	MAYRA	0.02	58782
636	JAYNE	0.02	58782
637	JACLYN	0.02	58782
638	GRACIE	0.02	58782
639	SONDRA	0.02	58782
640	CARMELA	0.02	58782
641	MARISA	0.02	58782
642	ROSALIND	0.02	58782
643	CHARITY	0.02	58782
644	TONIA	0.02	58782
645	BEATRIZ	0.02	58782
646	MARISOL	0.02	58782
647	CLARICE	0.02	58782
648	JEANINE	0.02	55517
649	SHEENA	0.02	55517
650	ANGELINE	0.02	55517
651	FRIEDA	0.02	55517
652	LILY	0.02	55517
653	ROBBIE	0.02	55517
654	SHAUNA	0.02	55517
655	MILLIE	0.02	55517
656	CLAUDETTE	0.02	55517
657	CATHLEEN	0.02	55517
658	ANGELIA	0.02	55517
659	GABRIELLE	0.02	55517
660	AUTUMN	0.02	55517
661	KATHARINE	0.02	55517
662	SUMMER	0.02	55517
663	JODIE	0.02	55517
664	STACI	0.02	55517
665	LEA	0.02	55517
666	CHRISTI	0.02	55517
667	JIMMIE	0.02	55517
668	JUSTINE	0.02	55517
669	ELMA	0.02	55517
670	LUELLA	0.02	55517
671	MARGRET	0.02	55517
672	DOMINIQUE	0.02	52251
673	SOCORRO	0.02	52251
674	RENE	0.02	52251
675	MARTINA	0.02	52251
676	MARGO	0.02	52251
677	MAVIS	0.02	52251
678	CALLIE	0.02	52251
679	BOBBI	0.02	52251
680	MARITZA	0.02	52251
681	LUCILE	0.02	52251
682	LEANNE	0.02	52251
683	JEANNINE	0.02	52251
684	DEANA	0.02	52251
685	AILEEN	0.02	52251
686	LORIE	0.02	52251
687	LADONNA	0.02	52251
688	WILLA	0.02	52251
689	MANUELA	0.02	52251
690	GALE	0.02	52251
691	SELMA	0.02	52251
692	DOLLY	0.02	52251
693	SYBIL	0.02	52251
694	ABBY	0.02	52251
695	LARA	0.02	52251
696	DALE	0.02	52251
697	IVY	0.02	52251
698	DEE	0.02	52251
699	WINNIE	0.02	52251
700	MARCY	0.02	52251
701	LUISA	0.02	52251
702	JERI	0.02	48985
703	MAGDALENA	0.02	48985
704	OFELIA	0.02	48985
705	MEAGAN	0.02	48985
706	AUDRA	0.02	48985
707	MATILDA	0.02	48985
708	LEILA	0.02	48985
709	CORNELIA	0.02	48985
710	BIANCA	0.02	48985
711	SIMONE	0.02	48985
712	BETTYE	0.02	48985
713	RANDI	0.02	48985
714	VIRGIE	0.02	48985
715	LATISHA	0.02	48985
716	BARBRA	0.02	48985
717	GEORGINA	0.02	48985
718	ELIZA	0.02	48985
719	LEANN	0.02	48985
720	BRIDGETTE	0.02	48985
721	RHODA	0.01	45720
722	HALEY	0.01	45720
723	ADELA	0.01	45720
724	NOLA	0.01	45720
725	BERNADINE	0.01	45720
726	FLOSSIE	0.01	45720
727	ILA	0.01	45720
728	GRETA	0.01	45720
729	RUTHIE	0.01	45720
730	NELDA	0.01	45720
731	MINERVA	0.01	45720
732	LILLY	0.01	45720
733	TERRIE	0.01	45720
734	LETHA	0.01	45720
735	HILARY	0.01	45720
736	ESTELA	0.01	45720
737	VALARIE	0.01	45720
738	BRIANNA	0.01	45720
739	ROSALYN	0.01	45720
740	EARLINE	0.01	45720
741	CATALINA	0.01	45720
742	AVA	0.01	45720
743	MIA	0.01	45720
744	CLARISSA	0.01	45720
745	LIDIA	0.01	45720
746	CORRINE	0.01	45720
747	ALEXANDRIA	0.01	45720
748	CONCEPCION	0.01	45720
749	TIA	0.01	45720
750	SHARRON	0.01	45720
751	RAE	0.01	45720
752	DONA	0.01	45720
753	ERICKA	0.01	45720
754	JAMI	0.01	45720
755	ELNORA	0.01	45720
756	CHANDRA	0.01	45720
757	LENORE	0.01	45720
758	NEVA	0.01	42454
759	MARYLOU	0.01	42454
760	MELISA	0.01	42454
761	TABATHA	0.01	42454
762	SERENA	0.01	42454
763	AVIS	0.01	42454
764	ALLIE	0.01	42454
765	SOFIA	0.01	42454
766	JEANIE	0.01	42454
767	ODESSA	0.01	42454
768	NANNIE	0.01	42454
769	HARRIETT	0.01	42454
770	LORAINE	0.01	42454
771	PENELOPE	0.01	42454
772	MILAGROS	0.01	42454
773	EMILIA	0.01	42454
774	BENITA	0.01	42454
775	ALLYSON	0.01	42454
776	ASHLEE	0.01	42454
777	TANIA	0.01	42454
778	TOMMIE	0.01	42454
779	ESMERALDA	0.01	42454
780	KARINA	0.01	42454
781	EVE	0.01	42454
782	PEARLIE	0.01	42454
783	ZELMA	0.01	42454
784	MALINDA	0.01	42454
785	NOREEN	0.01	42454
786	TAMEKA	0.01	42454
787	SAUNDRA	0.01	42454
788	HILLARY	0.01	42454
789	AMIE	0.01	42454
790	ALTHEA	0.01	39188
791	ROSALINDA	0.01	39188
792	JORDAN	0.01	39188
793	LILIA	0.01	39188
794	ALANA	0.01	39188
795	GAY	0.01	39188
796	CLARE	0.01	39188
797	ALEJANDRA	0.01	39188
798	ELINOR	0.01	39188
799	MICHAEL	0.01	39188
800	LORRIE	0.01	39188
801	JERRI	0.01	39188
802	DARCY	0.01	39188
803	EARNESTINE	0.01	39188
804	CARMELLA	0.01	39188
805	TAYLOR	0.01	39188
806	NOEMI	0.01	39188
807	MARCIE	0.01	39188
808	LIZA	0.01	39188
809	ANNABELLE	0.01	39188
810	LOUISA	0.01	39188
811	EARLENE	0.01	39188
812	MALLORY	0.01	39188
813	CARLENE	0.01	39188
814	NITA	0.01	39188
815	SELENA	0.01	39188
816	TANISHA	0.01	39188
817	KATY	0.01	39188
818	JULIANNE	0.01	39188
819	JOHN	0.01	39188
820	LAKISHA	0.01	35923
821	EDWINA	0.01	35923
822	MARICELA	0.01	35923
823	MARGERY	0.01	35923
824	KENYA	0.01	35923
825	DOLLIE	0.01	35923
826	ROXIE	0.01	35923
827	ROSLYN	0.01	35923
828	KATHRINE	0.01	35923
829	NANETTE	0.01	35923
830	CHARMAINE	0.01	35923
831	LAVONNE	0.01	35923
832	ILENE	0.01	35923
833	KRIS	0.01	35923
834	TAMMI	0.01	35923
835	SUZETTE	0.01	35923
836	CORINE	0.01	35923
837	KAYE	0.01	35923
838	JERRY	0.01	35923
839	MERLE	0.01	35923
840	CHRYSTAL	0.01	35923
841	LINA	0.01	35923
842	DEANNE	0.01	35923
843	LILIAN	0.01	35923
844	JULIANA	0.01	35923
845	ALINE	0.01	35923
846	LUANN	0.01	35923
847	KASEY	0.01	35923
848	MARYANNE	0.01	35923
849	EVANGELINE	0.01	35923
850	COLETTE	0.01	35923
851	MELVA	0.01	35923
852	LAWANDA	0.01	35923
853	YESENIA	0.01	35923
854	NADIA	0.01	35923
855	MADGE	0.01	35923
856	KATHIE	0.01	35923
857	EDDIE	0.01	35923
858	OPHELIA	0.01	35923
859	VALERIA	0.01	35923
860	NONA	0.01	35923
861	MITZI	0.01	35923
862	MARI	0.01	35923
863	GEORGETTE	0.01	35923
864	CLAUDINE	0.01	35923
865	FRAN	0.01	35923
866	ALISSA	0.01	35923
867	ROSEANN	0.01	32657
868	LAKEISHA	0.01	32657
869	SUSANNA	0.01	32657
870	REVA	0.01	32657
871	DEIDRE	0.01	32657
872	CHASITY	0.01	32657
873	SHEREE	0.01	32657
874	CARLY	0.01	32657
875	JAMES	0.01	32657
876	ELVIA	0.01	32657
877	ALYCE	0.01	32657
878	DEIRDRE	0.01	32657
879	GENA	0.01	32657
880	BRIANA	0.01	32657
881	ARACELI	0.01	32657
882	KATELYN	0.01	32657
883	ROSANNE	0.01	32657
884	WENDI	0.01	32657
885	TESSA	0.01	32657
886	BERTA	0.01	32657
887	MARVA	0.01	32657
888	IMELDA	0.01	32657
889	MARIETTA	0.01	32657
890	MARCI	0.01	32657
891	LEONOR	0.01	32657
892	ARLINE	0.01	32657
893	SASHA	0.01	32657
894	MADELYN	0.01	32657
895	JANNA	0.01	32657
896	JULIETTE	0.01	32657
897	DEENA	0.01	32657
898	AURELIA	0.01	32657
899	JOSEFA	0.01	32657
900	AUGUSTA	0.01	32657
901	LILIANA	0.01	32657
902	YOUNG	0.01	32657
903	CHRISTIAN	0.01	32657
904	LESSIE	0.01	32657
905	AMALIA	0.01	32657
906	SAVANNAH	0.01	32657
907	ANASTASIA	0.01	32657
908	VILMA	0.01	32657
909	NATALIA	0.01	32657
910	ROSELLA	0.01	32657
911	LYNNETTE	0.01	32657
912	CORINA	0.01	32657
913	ALFREDA	0.01	29391
914	LEANNA	0.01	29391
915	CAREY	0.01	29391
916	AMPARO	0.01	29391
917	COLEEN	0.01	29391
918	TAMRA	0.01	29391
919	AISHA	0.01	29391
920	WILDA	0.01	29391
921	KARYN	0.01	29391
922	CHERRY	0.01	29391
923	QUEEN	0.01	29391
924	MAURA	0.01	29391
925	MAI	0.01	29391
926	EVANGELINA	0.01	29391
927	ROSANNA	0.01	29391
928	HALLIE	0.01	29391
929	ERNA	0.01	29391
930	ENID	0.01	29391
931	MARIANA	0.01	29391
932	LACY	0.01	29391
933	JULIET	0.01	29391
934	JACKLYN	0.01	29391
935	FREIDA	0.01	29391
936	MADELEINE	0.01	29391
937	MARA	0.01	29391
938	HESTER	0.01	29391
939	CATHRYN	0.01	29391
940	LELIA	0.01	29391
941	CASANDRA	0.01	29391
942	BRIDGETT	0.01	29391
943	ANGELITA	0.01	29391
944	JANNIE	0.01	29391
945	DIONNE	0.01	29391
946	ANNMARIE	0.01	29391
947	KATINA	0.01	29391
948	BERYL	0.01	29391
949	PHOEBE	0.01	29391
950	MILLICENT	0.01	29391
951	KATHERYN	0.01	29391
952	DIANN	0.01	29391
953	CARISSA	0.01	29391
954	MARYELLEN	0.01	29391
955	LIZ	0.01	29391
956	LAURI	0.01	29391
957	HELGA	0.01	29391
958	GILDA	0.01	29391
959	ADRIAN	0.01	29391
960	RHEA	0.01	29391
961	MARQUITA	0.01	29391
962	HOLLIE	0.01	29391
963	TISHA	0.01	29391
964	TAMERA	0.01	29391
965	ANGELIQUE	0.01	29391
966	FRANCESCA	0.01	29391
967	BRITNEY	0.01	29391
968	KAITLIN	0.01	29391
969	LOLITA	0.01	29391
970	FLORINE	0.01	29391
971	ROWENA	0.01	29391
972	REYNA	0.01	29391
973	TWILA	0.01	29391
974	FANNY	0.01	29391
975	JANELL	0.01	29391
976	INES	0.01	29391
977	CONCETTA	0.01	29391
978	BERTIE	0.01	29391
979	ALBA	0.01	29391
980	BRIGITTE	0.01	29391
981	ALYSON	0.01	29391
982	VONDA	0.01	26126
983	PANSY	0.01	26126
984	ELBA	0.01	26126
985	NOELLE	0.01	26126
986	LETITIA	0.01	26126
987	KITTY	0.01	26126
988	DEANN	0.01	26126
989	BRANDIE	0.01	26126
990	LOUELLA	0.01	26126
991	LETA	0.01	26126
992	FELECIA	0.01	26126
993	SHARLENE	0.01	26126
994	LESA	0.01	26126
995	BEVERLEY	0.01	26126
996	ROBERT	0.01	26126
997	ISABELLA	0.01	26126
998	HERMINIA	0.01	26126
999	TERRA	0.01	26126
1000	CELINA	0.01	26126
1001	TORI	0.01	26126
1002	OCTAVIA	0.01	26126
1003	JADE	0.01	26126
1004	DENICE	0.01	26126
1005	GERMAINE	0.01	26126
1006	SIERRA	0.01	26126
1007	MICHELL	0.01	26126
1008	CORTNEY	0.01	26126
1009	NELLY	0.01	26126
1010	DORETHA	0.01	26126
1011	SYDNEY	0.01	26126
1012	DEIDRA	0.01	26126
1013	MONIKA	0.01	26126
1014	LASHONDA	0.01	26126
1015	JUDI	0.01	26126
1016	CHELSEY	0.01	26126
1017	ANTIONETTE	0.01	26126
1018	MARGOT	0.01	26126
1019	BOBBY	0.01	26126
1020	ADELAIDE	0.01	26126
1021	NAN	0.01	26126
1022	LEEANN	0.01	26126
1023	ELISHA	0.01	26126
1024	DESSIE	0.01	26126
1025	LIBBY	0.01	26126
1026	KATHI	0.01	26126
1027	GAYLA	0.01	26126
1028	LATANYA	0.01	26126
1029	MINA	0.01	26126
1030	MELLISA	0.01	26126
1031	KIMBERLEE	0.01	26126
1032	JASMIN	0.01	26126
1033	RENAE	0.01	26126
1034	ZELDA	0.01	26126
1035	ELDA	0.01	26126
1036	MA	0.01	26126
1037	JUSTINA	0.01	26126
1038	GUSSIE	0.01	26126
1039	EMILIE	0.01	26126
1040	CAMILLA	0.01	26126
1041	ABBIE	0.01	26126
1042	ROCIO	0.01	26126
1043	KAITLYN	0.01	26126
1044	JESSE	0.01	26126
1045	EDYTHE	0.01	26126
1046	ASHLEIGH	0.01	26126
1047	SELINA	0.01	26126
1048	LAKESHA	0.01	26126
1049	GERI	0.01	26126
1050	ALLENE	0.01	26126
1051	PAMALA	0.01	26126
1052	MICHAELA	0.01	26126
1053	DAYNA	0.01	26126
1054	CARYN	0.01	26126
1055	ROSALIA	0.01	26126
1056	SUN	0.01	22860
1057	JACQULINE	0.01	22860
1058	REBECA	0.01	22860
1059	MARYBETH	0.01	22860
1060	KRYSTLE	0.01	22860
1061	IOLA	0.01	22860
1062	DOTTIE	0.01	22860
1063	BENNIE	0.01	22860
1064	BELLE	0.01	22860
1065	AUBREY	0.01	22860
1066	GRISELDA	0.01	22860
1067	ERNESTINA	0.01	22860
1068	ELIDA	0.01	22860
1069	ADRIANNE	0.01	22860
1070	DEMETRIA	0.01	22860
1071	DELMA	0.01	22860
1072	CHONG	0.01	22860
1073	JAQUELINE	0.01	22860
1074	DESTINY	0.01	22860
1075	ARLEEN	0.01	22860
1076	VIRGINA	0.01	22860
1077	RETHA	0.01	22860
1078	FATIMA	0.01	22860
1079	TILLIE	0.01	22860
1080	ELEANORE	0.01	22860
1081	CARI	0.01	22860
1082	TREVA	0.01	22860
1083	BIRDIE	0.01	22860
1084	WILHELMINA	0.01	22860
1085	ROSALEE	0.01	22860
1086	MAURINE	0.01	22860
1087	LATRICE	0.01	22860
1088	YONG	0.01	22860
1089	JENA	0.01	22860
1090	TARYN	0.01	22860
1091	ELIA	0.01	22860
1092	DEBBY	0.01	22860
1093	MAUDIE	0.01	22860
1094	JEANNA	0.01	22860
1095	DELILAH	0.01	22860
1096	CATRINA	0.01	22860
1097	SHONDA	0.01	22860
1098	HORTENCIA	0.01	22860
1099	THEODORA	0.01	22860
1100	TERESITA	0.01	22860
1101	ROBBIN	0.01	22860
1102	DANETTE	0.01	22860
1103	MARYJANE	0.01	22860
1104	FREDDIE	0.01	22860
1105	DELPHINE	0.01	22860
1106	BRIANNE	0.01	22860
1107	NILDA	0.01	22860
1108	DANNA	0.01	22860
1109	CINDI	0.01	22860
1110	BESS	0.01	22860
1111	IONA	0.01	22860
1112	HANNA	0.01	22860
1113	ARIEL	0.01	22860
1114	WINONA	0.01	22860
1115	VIDA	0.01	22860
1116	ROSITA	0.01	22860
1117	MARIANNA	0.01	22860
1118	WILLIAM	0.01	22860
1119	RACHEAL	0.01	22860
1120	GUILLERMINA	0.01	22860
1121	ELOISA	0.01	22860
1122	CELESTINE	0.01	22860
1123	CAREN	0.01	22860
1124	MALISSA	0.01	22860
1125	LONA	0.01	22860
1126	CHANTEL	0.01	22860
1127	SHELLIE	0.01	22860
1128	MARISELA	0.01	22860
1129	LEORA	0.01	22860
1130	AGATHA	0.01	22860
1131	SOLEDAD	0.01	22860
1132	MIGDALIA	0.01	22860
1133	IVETTE	0.01	22860
1134	CHRISTEN	0.01	22860
1135	ATHENA	0.01	22860
1136	JANEL	0.01	22860
1137	CHLOE	0.01	22860
1138	VEDA	0.01	22860
1139	PATTIE	0.01	22860
1140	TESSIE	0.01	22860
1141	TERA	0.01	22860
1142	MARILYNN	0.01	22860
1143	LUCRETIA	0.01	22860
1144	KARRIE	0.01	22860
1145	DINAH	0.01	22860
1146	DANIELA	0.01	22860
1147	ALECIA	0.01	22860
1148	ADELINA	0.01	22860
1149	VERNICE	0.01	22860
1150	SHIELA	0.01	22860
1151	PORTIA	0.01	22860
1152	MERRY	0.01	22860
1153	LASHAWN	0.01	22860
1154	DEVON	0.01	22860
1155	DARA	0.01	22860
1156	TAWANA	0.01	22860
1157	OMA	0.01	22860
1158	VERDA	0.01	22860
1159	CHRISTIN	0.01	22860
1160	ALENE	0.01	22860
1161	ZELLA	0.01	19594
1162	SANDI	0.01	19594
1163	RAFAELA	0.01	19594
1164	MAYA	0.01	19594
1165	KIRA	0.01	19594
1166	CANDIDA	0.01	19594
1167	ALVINA	0.01	19594
1168	SUZAN	0.01	19594
1169	SHAYLA	0.01	19594
1170	LYN	0.01	19594
1171	LETTIE	0.01	19594
1172	ALVA	0.01	19594
1173	SAMATHA	0.01	19594
1174	ORALIA	0.01	19594
1175	MATILDE	0.01	19594
1176	MADONNA	0.01	19594
1177	LARISSA	0.01	19594
1178	VESTA	0.01	19594
1179	RENITA	0.01	19594
1180	INDIA	0.01	19594
1181	DELOIS	0.01	19594
1182	SHANDA	0.01	19594
1183	PHILLIS	0.01	19594
1184	LORRI	0.01	19594
1185	ERLINDA	0.01	19594
1186	CRUZ	0.01	19594
1187	CATHRINE	0.01	19594
1188	BARB	0.01	19594
1189	ZOE	0.01	19594
1190	ISABELL	0.01	19594
1191	IONE	0.01	19594
1192	GISELA	0.01	19594
1193	CHARLIE	0.01	19594
1194	VALENCIA	0.01	19594
1195	ROXANNA	0.01	19594
1196	MAYME	0.01	19594
1197	KISHA	0.01	19594
1198	ELLIE	0.01	19594
1199	MELLISSA	0.01	19594
1200	DORRIS	0.01	19594
1201	DALIA	0.01	19594
1202	BELLA	0.01	19594
1203	ANNETTA	0.01	19594
1204	ZOILA	0.01	19594
1205	RETA	0.01	19594
1206	REINA	0.01	19594
1207	LAURETTA	0.01	19594
1208	KYLIE	0.01	19594
1209	CHRISTAL	0.01	19594
1210	PILAR	0.01	19594
1211	CHARLA	0.01	19594
1212	ELISSA	0.01	19594
1213	TIFFANI	0.01	19594
1214	TANA	0.01	19594
1215	PAULINA	0.01	19594
1216	LEOTA	0.01	19594
1217	BREANNA	0.01	19594
1218	JAYME	0.01	19594
1219	CARMEL	0.01	19594
1220	VERNELL	0.01	19594
1221	TOMASA	0.01	19594
1222	MANDI	0.01	19594
1223	DOMINGA	0.01	19594
1224	SANTA	0.01	19594
1225	MELODIE	0.01	19594
1226	LURA	0.01	19594
1227	ALEXA	0.01	19594
1228	TAMELA	0.01	19594
1229	RYAN	0.01	19594
1230	MIRNA	0.01	19594
1231	KERRIE	0.01	19594
1232	VENUS	0.01	19594
1233	NOEL	0.01	19594
1234	FELICITA	0.01	19594
1235	CRISTY	0.01	19594
1236	CARMELITA	0.01	19594
1237	BERNIECE	0.01	19594
1238	ANNEMARIE	0.01	19594
1239	TIARA	0.01	19594
1240	ROSEANNE	0.01	19594
1241	MISSY	0.01	19594
1242	CORI	0.01	19594
1243	ROXANA	0.01	19594
1244	PRICILLA	0.01	19594
1245	KRISTAL	0.01	19594
1246	JUNG	0.01	19594
1247	ELYSE	0.01	19594
1248	HAYDEE	0.01	19594
1249	ALETHA	0.01	19594
1250	BETTINA	0.01	19594
1251	MARGE	0.01	19594
1252	GILLIAN	0.01	19594
1253	FILOMENA	0.01	19594
1254	CHARLES	0.01	19594
1255	ZENAIDA	0.01	19594
1256	HARRIETTE	0.01	19594
1257	CARIDAD	0.01	19594
1258	VADA	0.01	19594
1259	UNA	0.01	19594
1260	ARETHA	0.01	19594
1261	PEARLINE	0.01	19594
1262	MARJORY	0.01	19594
1263	MARCELA	0.01	19594
1264	FLOR	0.01	19594
1265	EVETTE	0.01	19594
1266	ELOUISE	0.01	19594
1267	ALINA	0.01	19594
1268	TRINIDAD	0.01	19594
1269	DAVID	0.01	19594
1270	DAMARIS	0.01	19594
1271	CATHARINE	0.01	19594
1272	CARROLL	0.01	19594
1273	BELVA	0.01	19594
1274	NAKIA	0.01	16328
1275	MARLENA	0.01	16328
1276	LUANNE	0.01	16328
1277	LORINE	0.01	16328
1278	KARON	0.01	16328
1279	DORENE	0.01	16328
1280	DANITA	0.01	16328
1281	BRENNA	0.01	16328
1282	TATIANA	0.01	16328
1283	SAMMIE	0.01	16328
1284	LOUANN	0.01	16328
1285	LOREN	0.01	16328
1286	JULIANNA	0.01	16328
1287	ANDRIA	0.01	16328
1288	PHILOMENA	0.01	16328
1289	LUCILA	0.01	16328
1290	LEONORA	0.01	16328
1291	DOVIE	0.01	16328
1292	ROMONA	0.01	16328
1293	MIMI	0.01	16328
1294	JACQUELIN	0.01	16328
1295	GAYE	0.01	16328
1296	TONJA	0.01	16328
1297	MISTI	0.01	16328
1298	JOE	0.01	16328
1299	GENE	0.01	16328
1300	CHASTITY	0.01	16328
1301	STACIA	0.01	16328
1302	ROXANN	0.01	16328
1303	MICAELA	0.01	16328
1304	NIKITA	0.01	16328
1305	MEI	0.01	16328
1306	VELDA	0.01	16328
1307	MARLYS	0.01	16328
1308	JOHNNA	0.01	16328
1309	AURA	0.01	16328
1310	LAVERN	0.01	16328
1311	IVONNE	0.01	16328
1312	HAYLEY	0.01	16328
1313	NICKI	0.01	16328
1314	MAJORIE	0.01	16328
1315	HERLINDA	0.01	16328
1316	GEORGE	0.01	16328
1317	ALPHA	0.01	16328
1318	YADIRA	0.01	16328
1319	PERLA	0.01	16328
1320	GREGORIA	0.01	16328
1321	DANIEL	0.01	16328
1322	ANTONETTE	0.01	16328
1323	SHELLI	0.01	16328
1324	MOZELLE	0.01	16328
1325	MARIAH	0.01	16328
1326	JOELLE	0.01	16328
1327	CORDELIA	0.01	16328
1328	JOSETTE	0.01	16328
1329	CHIQUITA	0.01	16328
1330	TRISTA	0.01	16328
1331	LOUIS	0.01	16328
1332	LAQUITA	0.01	16328
1333	GEORGIANA	0.01	16328
1334	CANDI	0.01	16328
1335	SHANON	0.01	16328
1336	LONNIE	0.01	16328
1337	HILDEGARD	0.01	16328
1338	CECIL	0.01	16328
1339	VALENTINA	0.01	16328
1340	STEPHANY	0.01	16328
1341	MAGDA	0.01	16328
1342	KAROL	0.01	16328
1343	GERRY	0.01	16328
1344	GABRIELLA	0.01	16328
1345	TIANA	0.01	16328
1346	ROMA	0.01	16328
1347	RICHELLE	0.01	16328
1348	RAY	0.01	16328
1349	PRINCESS	0.01	16328
1350	OLETA	0.01	16328
1351	JACQUE	0.01	16328
1352	IDELLA	0.01	16328
1353	ALAINA	0.01	16328
1354	SUZANNA	0.01	16328
1355	JOVITA	0.01	16328
1356	BLAIR	0.01	16328
1357	TOSHA	0.01	16328
1358	RAVEN	0.01	16328
1359	NEREIDA	0.01	16328
1360	MARLYN	0.01	16328
1361	KYLA	0.01	16328
1362	JOSEPH	0.01	16328
1363	DELFINA	0.01	16328
1364	TENA	0.01	16328
1365	STEPHENIE	0.01	16328
1366	SABINA	0.01	16328
1367	NATHALIE	0.01	16328
1368	MARCELLE	0.01	16328
1369	GERTIE	0.01	16328
1370	DARLEEN	0.01	16328
1371	THEA	0.01	16328
1372	SHARONDA	0.01	16328
1373	SHANTEL	0.01	16328
1374	BELEN	0.01	16328
1375	VENESSA	0.01	16328
1376	ROSALINA	0.01	16328
1377	ONA	0.01	16328
1378	GENOVEVA	0.01	16328
1379	COREY	0.01	16328
1380	CLEMENTINE	0.01	16328
1381	ROSALBA	0.01	16328
1382	RENATE	0.01	16328
1383	RENATA	0.01	16328
1384	MI	0.01	16328
1385	IVORY	0.01	16328
1386	GEORGIANNA	0.01	16328
1387	FLOY	0.01	16328
1388	DORCAS	0.01	16328
1389	ARIANA	0.01	16328
1390	TYRA	0.01	16328
1391	THEDA	0.01	16328
1392	MARIAM	0.01	16328
1393	JULI	0.01	16328
1394	JESICA	0.01	16328
1395	DONNIE	0.01	16328
1396	VIKKI	0.01	16328
1397	VERLA	0.01	16328
1398	ROSELYN	0.01	16328
1399	MELVINA	0.01	16328
1400	JANNETTE	0.01	16328
1401	GINNY	0.01	16328
1402	DEBRAH	0.01	16328
1403	CORRIE	0.01	16328
1404	ASIA	0.01	16328
1405	VIOLETA	0.01	16328
1406	MYRTIS	0.01	16328
1407	LATRICIA	0.01	16328
1408	COLLETTE	0.01	16328
1409	CHARLEEN	0.01	16328
1410	ANISSA	0.01	16328
1411	VIVIANA	0.01	16328
1412	TWYLA	0.01	16328
1413	PRECIOUS	0.01	16328
1414	NEDRA	0.01	16328
1415	LATONIA	0.01	16328
1416	LAN	0.01	16328
1417	HELLEN	0.01	16328
1418	FABIOLA	0.01	16328
1419	ANNAMARIE	0.01	16328
1420	ADELL	0.01	16328
1421	SHARYN	0.01	16328
1422	CHANTAL	0.01	16328
1423	NIKI	0.01	16328
1424	MAUD	0.01	16328
1425	LIZETTE	0.01	16328
1426	LINDY	0.01	16328
1427	KIA	0.01	16328
1428	KESHA	0.01	16328
1429	JEANA	0.01	16328
1430	DANELLE	0.01	16328
1431	CHARLINE	0.01	16328
1432	CHANEL	0.01	16328
1433	CARROL	0.01	16328
1434	VALORIE	0.01	16328
1435	LIA	0.01	16328
1436	DORTHA	0.01	16328
1437	CRISTAL	0.01	16328
1438	SUNNY	0.01	16328
1439	LEONE	0.01	16328
1440	LEILANI	0.01	16328
1441	GERRI	0.01	16328
1442	DEBI	0.01	16328
1443	ANDRA	0.01	16328
1444	KESHIA	0.01	16328
1445	IMA	0.01	16328
1446	EULALIA	0.01	16328
1447	EASTER	0.01	16328
1448	DULCE	0.01	16328
1449	NATIVIDAD	0.00	13063
1450	LINNIE	0.00	13063
1451	KAMI	0.00	13063
1452	GEORGIE	0.00	13063
1453	CATINA	0.00	13063
1454	BROOK	0.00	13063
1455	ALDA	0.00	13063
1456	WINNIFRED	0.00	13063
1457	SHARLA	0.00	13063
1458	RUTHANN	0.00	13063
1459	MEAGHAN	0.00	13063
1460	MAGDALENE	0.00	13063
1461	LISSETTE	0.00	13063
1462	ADELAIDA	0.00	13063
1463	VENITA	0.00	13063
1464	TRENA	0.00	13063
1465	SHIRLENE	0.00	13063
1466	SHAMEKA	0.00	13063
1467	ELIZEBETH	0.00	13063
1468	DIAN	0.00	13063
1469	SHANTA	0.00	13063
1470	MICKEY	0.00	13063
1471	LATOSHA	0.00	13063
1472	CARLOTTA	0.00	13063
1473	WINDY	0.00	13063
1474	SOON	0.00	13063
1475	ROSINA	0.00	13063
1476	MARIANN	0.00	13063
1477	LEISA	0.00	13063
1478	JONNIE	0.00	13063
1479	DAWNA	0.00	13063
1480	CATHIE	0.00	13063
1481	BILLY	0.00	13063
1482	ASTRID	0.00	13063
1483	SIDNEY	0.00	13063
1484	LAUREEN	0.00	13063
1485	JANEEN	0.00	13063
1486	HOLLI	0.00	13063
1487	FAWN	0.00	13063
1488	VICKEY	0.00	13063
1489	TERESSA	0.00	13063
1490	SHANTE	0.00	13063
1491	RUBYE	0.00	13063
1492	MARCELINA	0.00	13063
1493	CHANDA	0.00	13063
1494	CARY	0.00	13063
1495	TERESE	0.00	13063
1496	SCARLETT	0.00	13063
1497	MARTY	0.00	13063
1498	MARNIE	0.00	13063
1499	LULU	0.00	13063
1500	LISETTE	0.00	13063
1501	JENIFFER	0.00	13063
1502	ELENOR	0.00	13063
1503	DORINDA	0.00	13063
1504	DONITA	0.00	13063
1505	CARMAN	0.00	13063
1506	BERNITA	0.00	13063
1507	ALTAGRACIA	0.00	13063
1508	ALETA	0.00	13063
1509	ADRIANNA	0.00	13063
1510	ZORAIDA	0.00	13063
1511	RONNIE	0.00	13063
1512	NICOLA	0.00	13063
1513	LYNDSEY	0.00	13063
1514	KENDALL	0.00	13063
1515	JANINA	0.00	13063
1516	CHRISSY	0.00	13063
1517	AMI	0.00	13063
1518	STARLA	0.00	13063
1519	PHYLIS	0.00	13063
1520	PHUONG	0.00	13063
1521	KYRA	0.00	13063
1522	CHARISSE	0.00	13063
1523	BLANCH	0.00	13063
1524	SANJUANITA	0.00	13063
1525	RONA	0.00	13063
1526	NANCI	0.00	13063
1527	MARILEE	0.00	13063
1528	MARANDA	0.00	13063
1529	CORY	0.00	13063
1530	BRIGETTE	0.00	13063
1531	SANJUANA	0.00	13063
1532	MARITA	0.00	13063
1533	KASSANDRA	0.00	13063
1534	JOYCELYN	0.00	13063
1535	IRA	0.00	13063
1536	FELIPA	0.00	13063
1537	CHELSIE	0.00	13063
1538	BONNY	0.00	13063
1539	MIREYA	0.00	13063
1540	LORENZA	0.00	13063
1541	KYONG	0.00	13063
1542	ILEANA	0.00	13063
1543	CANDELARIA	0.00	13063
1544	TONY	0.00	13063
1545	TOBY	0.00	13063
1546	SHERIE	0.00	13063
1547	OK	0.00	13063
1548	MARK	0.00	13063
1549	LUCIE	0.00	13063
1550	LEATRICE	0.00	13063
1551	LAKESHIA	0.00	13063
1552	GERDA	0.00	13063
1553	EDIE	0.00	13063
1554	BAMBI	0.00	13063
1555	MARYLIN	0.00	13063
1556	LAVON	0.00	13063
1557	HORTENSE	0.00	13063
1558	GARNET	0.00	13063
1559	EVIE	0.00	13063
1560	TRESSA	0.00	13063
1561	SHAYNA	0.00	13063
1562	LAVINA	0.00	13063
1563	KYUNG	0.00	13063
1564	JEANETTA	0.00	13063
1565	SHERRILL	0.00	13063
1566	SHARA	0.00	13063
1567	PHYLISS	0.00	13063
1568	MITTIE	0.00	13063
1569	ANABEL	0.00	13063
1570	ALESIA	0.00	13063
1571	THUY	0.00	13063
1572	TAWANDA	0.00	13063
1573	RICHARD	0.00	13063
1574	JOANIE	0.00	13063
1575	TIFFANIE	0.00	13063
1576	LASHANDA	0.00	13063
1577	KARISSA	0.00	13063
1578	ENRIQUETA	0.00	13063
1579	DARIA	0.00	13063
1580	DANIELLA	0.00	13063
1581	CORINNA	0.00	13063
1582	ALANNA	0.00	13063
1583	ABBEY	0.00	13063
1584	ROXANE	0.00	13063
1585	ROSEANNA	0.00	13063
1586	MAGNOLIA	0.00	13063
1587	LIDA	0.00	13063
1588	KYLE	0.00	13063
1589	JOELLEN	0.00	13063
1590	ERA	0.00	13063
1591	CORAL	0.00	13063
1592	CARLEEN	0.00	13063
1593	TRESA	0.00	13063
1594	PEGGIE	0.00	13063
1595	NOVELLA	0.00	13063
1596	NILA	0.00	13063
1597	MAYBELLE	0.00	13063
1598	JENELLE	0.00	13063
1599	CARINA	0.00	13063
1600	NOVA	0.00	13063
1601	MELINA	0.00	13063
1602	MARQUERITE	0.00	13063
1603	MARGARETTE	0.00	13063
1604	JOSEPHINA	0.00	13063
1605	EVONNE	0.00	13063
1606	DEVIN	0.00	13063
1607	CINTHIA	0.00	13063
1608	ALBINA	0.00	13063
1609	TOYA	0.00	13063
1610	TAWNYA	0.00	13063
1611	SHERITA	0.00	13063
1612	SANTOS	0.00	13063
1613	MYRIAM	0.00	13063
1614	LIZABETH	0.00	13063
1615	LISE	0.00	13063
1616	KEELY	0.00	13063
1617	JENNI	0.00	13063
1618	GISELLE	0.00	13063
1619	CHERYLE	0.00	13063
1620	ARDITH	0.00	13063
1621	ARDIS	0.00	13063
1622	ALESHA	0.00	13063
1623	ADRIANE	0.00	13063
1624	SHAINA	0.00	13063
1625	LINNEA	0.00	13063
1626	KAROLYN	0.00	13063
1627	HONG	0.00	13063
1628	FLORIDA	0.00	13063
1629	FELISHA	0.00	13063
1630	DORI	0.00	13063
1631	DARCI	0.00	13063
1632	ARTIE	0.00	13063
1633	ARMIDA	0.00	13063
1634	ZOLA	0.00	13063
1635	XIOMARA	0.00	13063
1636	VERGIE	0.00	13063
1637	SHAMIKA	0.00	13063
1638	NENA	0.00	13063
1639	NANNETTE	0.00	13063
1640	MAXIE	0.00	13063
1641	LOVIE	0.00	13063
1642	JEANE	0.00	13063
1643	JAIMIE	0.00	13063
1644	INGE	0.00	13063
1645	FARRAH	0.00	13063
1646	ELAINA	0.00	13063
1647	CAITLYN	0.00	13063
1648	STARR	0.00	13063
1649	FELICITAS	0.00	13063
1650	CHERLY	0.00	13063
1651	CARYL	0.00	13063
1652	YOLONDA	0.00	13063
1653	YASMIN	0.00	13063
1654	TEENA	0.00	13063
1655	PRUDENCE	0.00	13063
1656	PENNIE	0.00	13063
1657	NYDIA	0.00	13063
1658	MACKENZIE	0.00	13063
1659	ORPHA	0.00	13063
1660	MARVEL	0.00	13063
1661	LIZBETH	0.00	13063
1662	LAURETTE	0.00	13063
1663	JERRIE	0.00	13063
1664	HERMELINDA	0.00	13063
1665	CAROLEE	0.00	13063
1666	TIERRA	0.00	13063
1667	MIRIAN	0.00	13063
1668	META	0.00	13063
1669	MELONY	0.00	13063
1670	KORI	0.00	13063
1671	JENNETTE	0.00	13063
1672	JAMILA	0.00	13063
1673	ENA	0.00	13063
1674	ANH	0.00	13063
1675	YOSHIKO	0.00	13063
1676	SUSANNAH	0.00	13063
1677	SALINA	0.00	13063
1678	RHIANNON	0.00	13063
1679	JOLEEN	0.00	13063
1680	CRISTINE	0.00	13063
1681	ASHTON	0.00	13063
1682	ARACELY	0.00	13063
1683	TOMEKA	0.00	13063
1684	SHALONDA	0.00	13063
1685	MARTI	0.00	13063
1686	LACIE	0.00	13063
1687	KALA	0.00	13063
1688	JADA	0.00	13063
1689	ILSE	0.00	13063
1690	HAILEY	0.00	13063
1691	BRITTANI	0.00	13063
1692	ZONA	0.00	9797
1693	SYBLE	0.00	9797
1694	SHERRYL	0.00	9797
1695	RANDY	0.00	9797
1696	NIDIA	0.00	9797
1697	MARLO	0.00	9797
1698	KANDICE	0.00	9797
1699	KANDI	0.00	9797
1700	DEB	0.00	9797
1701	DEAN	0.00	9797
1702	AMERICA	0.00	9797
1703	ALYCIA	0.00	9797
1704	TOMMY	0.00	9797
1705	RONNA	0.00	9797
1706	NORENE	0.00	9797
1707	MERCY	0.00	9797
1708	JOSE	0.00	9797
1709	INGEBORG	0.00	9797
1710	GIOVANNA	0.00	9797
1711	GEMMA	0.00	9797
1712	CHRISTEL	0.00	9797
1713	AUDRY	0.00	9797
1714	ZORA	0.00	9797
1715	VITA	0.00	9797
1716	VAN	0.00	9797
1717	TRISH	0.00	9797
1718	STEPHAINE	0.00	9797
1719	SHIRLEE	0.00	9797
1720	SHANIKA	0.00	9797
1721	MELONIE	0.00	9797
1722	MAZIE	0.00	9797
1723	JAZMIN	0.00	9797
1724	INGA	0.00	9797
1725	HOA	0.00	9797
1726	HETTIE	0.00	9797
1727	GERALYN	0.00	9797
1728	FONDA	0.00	9797
1729	ESTRELLA	0.00	9797
1730	ADELLA	0.00	9797
1731	SU	0.00	9797
1732	SARITA	0.00	9797
1733	RINA	0.00	9797
1734	MILISSA	0.00	9797
1735	MARIBETH	0.00	9797
1736	GOLDA	0.00	9797
1737	EVON	0.00	9797
1738	ETHELYN	0.00	9797
1739	ENEDINA	0.00	9797
1740	CHERISE	0.00	9797
1741	CHANA	0.00	9797
1742	VELVA	0.00	9797
1743	TAWANNA	0.00	9797
1744	SADE	0.00	9797
1745	MIRTA	0.00	9797
1746	LI	0.00	9797
1747	KARIE	0.00	9797
1748	JACINTA	0.00	9797
1749	ELNA	0.00	9797
1750	DAVINA	0.00	9797
1751	CIERRA	0.00	9797
1752	ASHLIE	0.00	9797
1753	ALBERTHA	0.00	9797
1754	TANESHA	0.00	9797
1755	STEPHANI	0.00	9797
1756	NELLE	0.00	9797
1757	MINDI	0.00	9797
1758	LU	0.00	9797
1759	LORINDA	0.00	9797
1760	LARUE	0.00	9797
1761	FLORENE	0.00	9797
1762	DEMETRA	0.00	9797
1763	DEDRA	0.00	9797
1764	CIARA	0.00	9797
1765	CHANTELLE	0.00	9797
1766	ASHLY	0.00	9797
1767	SUZY	0.00	9797
1768	ROSALVA	0.00	9797
1769	NOELIA	0.00	9797
1770	LYDA	0.00	9797
1771	LEATHA	0.00	9797
1772	KRYSTYNA	0.00	9797
1773	KRISTAN	0.00	9797
1774	KARRI	0.00	9797
1775	DARLINE	0.00	9797
1776	DARCIE	0.00	9797
1777	CINDA	0.00	9797
1778	CHEYENNE	0.00	9797
1779	CHERRIE	0.00	9797
1780	AWILDA	0.00	9797
1781	ALMEDA	0.00	9797
1782	ROLANDA	0.00	9797
1783	LANETTE	0.00	9797
1784	JERILYN	0.00	9797
1785	GISELE	0.00	9797
1786	EVALYN	0.00	9797
1787	CYNDI	0.00	9797
1788	CLETA	0.00	9797
1789	CARIN	0.00	9797
1790	ZINA	0.00	9797
1791	ZENA	0.00	9797
1792	VELIA	0.00	9797
1793	TANIKA	0.00	9797
1794	PAUL	0.00	9797
1795	CHARISSA	0.00	9797
1796	THOMAS	0.00	9797
1797	TALIA	0.00	9797
1798	MARGARETE	0.00	9797
1799	LAVONDA	0.00	9797
1800	KAYLEE	0.00	9797
1801	KATHLENE	0.00	9797
1802	JONNA	0.00	9797
1803	IRENA	0.00	9797
1804	ILONA	0.00	9797
1805	IDALIA	0.00	9797
1806	CANDIS	0.00	9797
1807	CANDANCE	0.00	9797
1808	BRANDEE	0.00	9797
1809	ANITRA	0.00	9797
1810	ALIDA	0.00	9797
1811	SIGRID	0.00	9797
1812	NICOLETTE	0.00	9797
1813	MARYJO	0.00	9797
1814	LINETTE	0.00	9797
1815	HEDWIG	0.00	9797
1816	CHRISTIANA	0.00	9797
1817	CASSIDY	0.00	9797
1818	ALEXIA	0.00	9797
1819	TRESSIE	0.00	9797
1820	MODESTA	0.00	9797
1821	LUPITA	0.00	9797
1822	LITA	0.00	9797
1823	GLADIS	0.00	9797
1824	EVELIA	0.00	9797
1825	DAVIDA	0.00	9797
1826	CHERRI	0.00	9797
1827	CECILY	0.00	9797
1828	ASHELY	0.00	9797
1829	ANNABEL	0.00	9797
1830	AGUSTINA	0.00	9797
1831	WANITA	0.00	9797
1832	SHIRLY	0.00	9797
1833	ROSAURA	0.00	9797
1834	HULDA	0.00	9797
1835	EUN	0.00	9797
1836	BAILEY	0.00	9797
1837	YETTA	0.00	9797
1838	VERONA	0.00	9797
1839	THOMASINA	0.00	9797
1840	SIBYL	0.00	9797
1841	SHANNAN	0.00	9797
1842	MECHELLE	0.00	9797
1843	LUE	0.00	9797
1844	LEANDRA	0.00	9797
1845	LANI	0.00	9797
1846	KYLEE	0.00	9797
1847	KANDY	0.00	9797
1848	JOLYNN	0.00	9797
1849	FERNE	0.00	9797
1850	EBONI	0.00	9797
1851	CORENE	0.00	9797
1852	ALYSIA	0.00	9797
1853	ZULA	0.00	9797
1854	NADA	0.00	9797
1855	MOIRA	0.00	9797
1856	LYNDSAY	0.00	9797
1857	LORRETTA	0.00	9797
1858	JUAN	0.00	9797
1859	JAMMIE	0.00	9797
1860	HORTENSIA	0.00	9797
1861	GAYNELL	0.00	9797
1862	CAMERON	0.00	9797
1863	ADRIA	0.00	9797
1864	VINA	0.00	9797
1865	VICENTA	0.00	9797
1866	TANGELA	0.00	9797
1867	STEPHINE	0.00	9797
1868	NORINE	0.00	9797
1869	NELLA	0.00	9797
1870	LIANA	0.00	9797
1871	LESLEE	0.00	9797
1872	KIMBERELY	0.00	9797
1873	ILIANA	0.00	9797
1874	GLORY	0.00	9797
1875	FELICA	0.00	9797
1876	EMOGENE	0.00	9797
1877	ELFRIEDE	0.00	9797
1878	EDEN	0.00	9797
1879	EARTHA	0.00	9797
1880	CARMA	0.00	9797
1881	BEA	0.00	9797
1882	OCIE	0.00	9797
1883	MARRY	0.00	9797
1884	LENNIE	0.00	9797
1885	KIARA	0.00	9797
1886	JACALYN	0.00	9797
1887	CARLOTA	0.00	9797
1888	ARIELLE	0.00	9797
1889	YU	0.00	9797
1890	STAR	0.00	9797
1891	OTILIA	0.00	9797
1892	KIRSTIN	0.00	9797
1893	KACEY	0.00	9797
1894	JOHNETTA	0.00	9797
1895	JOEY	0.00	9797
1896	JOETTA	0.00	9797
1897	JERALDINE	0.00	9797
1898	JAUNITA	0.00	9797
1899	ELANA	0.00	9797
1900	DORTHEA	0.00	9797
1901	CAMI	0.00	9797
1902	AMADA	0.00	9797
1903	ADELIA	0.00	9797
1904	VERNITA	0.00	9797
1905	TAMAR	0.00	9797
1906	SIOBHAN	0.00	9797
1907	RENEA	0.00	9797
1908	RASHIDA	0.00	9797
1909	OUIDA	0.00	9797
1910	ODELL	0.00	9797
1911	NILSA	0.00	9797
1912	MERYL	0.00	9797
1913	KRISTYN	0.00	9797
1914	JULIETA	0.00	9797
1915	DANICA	0.00	9797
1916	BREANNE	0.00	9797
1917	AUREA	0.00	9797
1918	ANGLEA	0.00	9797
1919	SHERRON	0.00	9797
1920	ODETTE	0.00	9797
1921	MALIA	0.00	9797
1922	LORELEI	0.00	9797
1923	LIN	0.00	9797
1924	LEESA	0.00	9797
1925	KENNA	0.00	9797
1926	KATHLYN	0.00	9797
1927	FIONA	0.00	9797
1928	CHARLETTE	0.00	9797
1929	SUZIE	0.00	9797
1930	SHANTELL	0.00	9797
1931	SABRA	0.00	9797
1932	RACQUEL	0.00	9797
1933	MYONG	0.00	9797
1934	MIRA	0.00	9797
1935	MARTINE	0.00	9797
1936	LUCIENNE	0.00	9797
1937	LAVADA	0.00	9797
1938	JULIANN	0.00	9797
1939	JOHNIE	0.00	9797
1940	ELVERA	0.00	9797
1941	DELPHIA	0.00	9797
1942	CLAIR	0.00	9797
1943	CHRISTIANE	0.00	9797
1944	CHAROLETTE	0.00	9797
1945	CARRI	0.00	9797
1946	AUGUSTINE	0.00	9797
1947	ASHA	0.00	9797
1948	ANGELLA	0.00	9797
1949	PAOLA	0.00	9797
1950	NINFA	0.00	9797
1951	LEDA	0.00	9797
1952	LAI	0.00	9797
1953	EDA	0.00	9797
1954	SUNSHINE	0.00	9797
1955	STEFANI	0.00	9797
1956	SHANELL	0.00	9797
1957	PALMA	0.00	9797
1958	MACHELLE	0.00	9797
1959	LISSA	0.00	9797
1960	KECIA	0.00	9797
1961	KATHRYNE	0.00	9797
1962	KARLENE	0.00	9797
1963	JULISSA	0.00	9797
1964	JETTIE	0.00	9797
1965	JENNIFFER	0.00	9797
1966	HUI	0.00	9797
1967	CORRINA	0.00	9797
1968	CHRISTOPHER	0.00	9797
1969	CAROLANN	0.00	9797
1970	ALENA	0.00	9797
1971	TESS	0.00	9797
1972	ROSARIA	0.00	9797
1973	MYRTICE	0.00	9797
1974	MARYLEE	0.00	9797
1975	LIANE	0.00	9797
1976	KENYATTA	0.00	9797
1977	JUDIE	0.00	9797
1978	JANEY	0.00	9797
1979	IN	0.00	9797
1980	ELMIRA	0.00	9797
1981	ELDORA	0.00	9797
1982	DENNA	0.00	9797
1983	CRISTI	0.00	9797
1984	CATHI	0.00	9797
1985	ZAIDA	0.00	9797
1986	VONNIE	0.00	9797
1987	VIVA	0.00	9797
1988	VERNIE	0.00	9797
1989	ROSALINE	0.00	9797
1990	MARIELA	0.00	9797
1991	LUCIANA	0.00	9797
1992	LESLI	0.00	9797
1993	KARAN	0.00	9797
1994	FELICE	0.00	9797
1995	DENEEN	0.00	9797
1996	ADINA	0.00	9797
1997	WYNONA	0.00	9797
1998	TARSHA	0.00	9797
1999	SHERON	0.00	9797
2000	SHASTA	0.00	9797
2001	SHANITA	0.00	9797
2002	SHANI	0.00	9797
2003	SHANDRA	0.00	9797
2004	RANDA	0.00	9797
2005	PINKIE	0.00	9797
2006	PARIS	0.00	9797
2007	NELIDA	0.00	9797
2008	MARILOU	0.00	9797
2009	LYLA	0.00	9797
2010	LAURENE	0.00	9797
2011	LACI	0.00	9797
2012	JOI	0.00	9797
2013	JANENE	0.00	9797
2014	DOROTHA	0.00	9797
2015	DANIELE	0.00	9797
2016	DANI	0.00	9797
2017	CAROLYNN	0.00	9797
2018	CARLYN	0.00	9797
2019	BERENICE	0.00	9797
2020	AYESHA	0.00	9797
2021	ANNELIESE	0.00	9797
2022	ALETHEA	0.00	9797
2023	THERSA	0.00	9797
2024	TAMIKO	0.00	9797
2025	RUFINA	0.00	9797
2026	OLIVA	0.00	9797
2027	MOZELL	0.00	9797
2028	MARYLYN	0.00	9797
2029	MADISON	0.00	9797
2030	KRISTIAN	0.00	9797
2031	KATHYRN	0.00	9797
2032	KASANDRA	0.00	9797
2033	KANDACE	0.00	9797
2034	JANAE	0.00	9797
2035	GABRIEL	0.00	9797
2036	DOMENICA	0.00	9797
2037	DEBBRA	0.00	9797
2038	DANNIELLE	0.00	9797
2039	CHUN	0.00	9797
2040	BUFFY	0.00	9797
2041	BARBIE	0.00	9797
2042	ARCELIA	0.00	9797
2043	AJA	0.00	9797
2044	ZENOBIA	0.00	9797
2045	SHAREN	0.00	9797
2046	SHAREE	0.00	9797
2047	PATRICK	0.00	9797
2048	PAGE	0.00	9797
2049	MY	0.00	9797
2050	LAVINIA	0.00	9797
2051	KUM	0.00	9797
2052	KACIE	0.00	9797
2053	JACKELINE	0.00	9797
2054	HUONG	0.00	9797
2055	FELISA	0.00	9797
2056	EMELIA	0.00	9797
2057	ELEANORA	0.00	9797
2058	CYTHIA	0.00	9797
2059	CRISTIN	0.00	9797
2060	CLYDE	0.00	9797
2061	CLARIBEL	0.00	9797
2062	CARON	0.00	9797
2063	ANASTACIA	0.00	9797
2064	ZULMA	0.00	9797
2065	ZANDRA	0.00	9797
2066	YOKO	0.00	9797
2067	TENISHA	0.00	9797
2068	SUSANN	0.00	9797
2069	SHERILYN	0.00	9797
2070	SHAY	0.00	9797
2071	SHAWANDA	0.00	9797
2072	SABINE	0.00	9797
2073	ROMANA	0.00	9797
2074	MATHILDA	0.00	9797
2075	LINSEY	0.00	9797
2076	KEIKO	0.00	9797
2077	JOANA	0.00	9797
2078	ISELA	0.00	9797
2079	GRETTA	0.00	9797
2080	GEORGETTA	0.00	9797
2081	EUGENIE	0.00	9797
2082	DUSTY	0.00	9797
2083	DESIRAE	0.00	9797
2084	DELORA	0.00	9797
2085	CORAZON	0.00	9797
2086	ANTONINA	0.00	9797
2087	ANIKA	0.00	9797
2088	WILLENE	0.00	9797
2089	TRACEE	0.00	9797
2090	TAMATHA	0.00	9797
2091	REGAN	0.00	9797
2092	NICHELLE	0.00	9797
2093	MICKIE	0.00	9797
2094	MAEGAN	0.00	9797
2095	LUANA	0.00	9797
2096	LANITA	0.00	9797
2097	KELSIE	0.00	9797
2098	EDELMIRA	0.00	9797
2099	BREE	0.00	9797
2100	AFTON	0.00	9797
2101	TEODORA	0.00	9797
2102	TAMIE	0.00	9797
2103	SHENA	0.00	9797
2104	MEG	0.00	9797
2105	LINH	0.00	9797
2106	KELI	0.00	9797
2107	KACI	0.00	9797
2108	DANYELLE	0.00	9797
2109	BRITT	0.00	9797
2110	ARLETTE	0.00	9797
2111	ALBERTINE	0.00	9797
2112	ADELLE	0.00	9797
2113	TIFFINY	0.00	9797
2114	STORMY	0.00	9797
2115	SIMONA	0.00	9797
2116	NUMBERS	0.00	9797
2117	NICOLASA	0.00	9797
2118	NICHOL	0.00	9797
2119	NIA	0.00	9797
2120	NAKISHA	0.00	9797
2121	MEE	0.00	9797
2122	MAIRA	0.00	9797
2123	LOREEN	0.00	9797
2124	KIZZY	0.00	9797
2125	JOHNNY	0.00	9797
2126	JAY	0.00	9797
2127	FALLON	0.00	9797
2128	CHRISTENE	0.00	9797
2129	BOBBYE	0.00	9797
2130	ANTHONY	0.00	9797
2131	YING	0.00	6531
2132	VINCENZA	0.00	6531
2133	TANJA	0.00	6531
2134	RUBIE	0.00	6531
2135	RONI	0.00	6531
2136	QUEENIE	0.00	6531
2137	MARGARETT	0.00	6531
2138	KIMBERLI	0.00	6531
2139	IRMGARD	0.00	6531
2140	IDELL	0.00	6531
2141	HILMA	0.00	6531
2142	EVELINA	0.00	6531
2143	ESTA	0.00	6531
2144	EMILEE	0.00	6531
2145	DENNISE	0.00	6531
2146	DANIA	0.00	6531
2147	CARL	0.00	6531
2148	CARIE	0.00	6531
2149	ANTONIO	0.00	6531
2150	WAI	0.00	6531
2151	SANG	0.00	6531
2152	RISA	0.00	6531
2153	RIKKI	0.00	6531
2154	PARTICIA	0.00	6531
2155	MUI	0.00	6531
2156	MASAKO	0.00	6531
2157	MARIO	0.00	6531
2158	LUVENIA	0.00	6531
2159	LOREE	0.00	6531
2160	LONI	0.00	6531
2161	LIEN	0.00	6531
2162	KEVIN	0.00	6531
2163	GIGI	0.00	6531
2164	FLORENCIA	0.00	6531
2165	DORIAN	0.00	6531
2166	DENITA	0.00	6531
2167	DALLAS	0.00	6531
2168	CHI	0.00	6531
2169	BILLYE	0.00	6531
2170	ALEXANDER	0.00	6531
2171	TOMIKA	0.00	6531
2172	SHARITA	0.00	6531
2173	RANA	0.00	6531
2174	NIKOLE	0.00	6531
2175	NEOMA	0.00	6531
2176	MARGARITE	0.00	6531
2177	MADALYN	0.00	6531
2178	LUCINA	0.00	6531
2179	LAILA	0.00	6531
2180	KALI	0.00	6531
2181	JENETTE	0.00	6531
2182	GABRIELE	0.00	6531
2183	EVELYNE	0.00	6531
2184	ELENORA	0.00	6531
2185	CLEMENTINA	0.00	6531
2186	ALEJANDRINA	0.00	6531
2187	ZULEMA	0.00	6531
2188	VIOLETTE	0.00	6531
2189	VANNESSA	0.00	6531
2190	THRESA	0.00	6531
2191	RETTA	0.00	6531
2192	PIA	0.00	6531
2193	PATIENCE	0.00	6531
2194	NOELLA	0.00	6531
2195	NICKIE	0.00	6531
2196	JONELL	0.00	6531
2197	DELTA	0.00	6531
2198	CHUNG	0.00	6531
2199	CHAYA	0.00	6531
2200	CAMELIA	0.00	6531
2201	BETHEL	0.00	6531
2202	ANYA	0.00	6531
2203	ANDREW	0.00	6531
2204	THANH	0.00	6531
2205	SUZANN	0.00	6531
2206	SPRING	0.00	6531
2207	SHU	0.00	6531
2208	MILA	0.00	6531
2209	LILLA	0.00	6531
2210	LAVERNA	0.00	6531
2211	KEESHA	0.00	6531
2212	KATTIE	0.00	6531
2213	GIA	0.00	6531
2214	GEORGENE	0.00	6531
2215	EVELINE	0.00	6531
2216	ESTELL	0.00	6531
2217	ELIZBETH	0.00	6531
2218	VIVIENNE	0.00	6531
2219	VALLIE	0.00	6531
2220	TRUDIE	0.00	6531
2221	STEPHANE	0.00	6531
2222	MICHEL	0.00	6531
2223	MAGALY	0.00	6531
2224	MADIE	0.00	6531
2225	KENYETTA	0.00	6531
2226	KARREN	0.00	6531
2227	JANETTA	0.00	6531
2228	HERMINE	0.00	6531
2229	HARMONY	0.00	6531
2230	DRUCILLA	0.00	6531
2231	DEBBI	0.00	6531
2232	CELESTINA	0.00	6531
2233	CANDIE	0.00	6531
2234	BRITNI	0.00	6531
2235	BECKIE	0.00	6531
2236	AMINA	0.00	6531
2237	ZITA	0.00	6531
2238	YUN	0.00	6531
2239	YOLANDE	0.00	6531
2240	VIVIEN	0.00	6531
2241	VERNETTA	0.00	6531
2242	TRUDI	0.00	6531
2243	SOMMER	0.00	6531
2244	PEARLE	0.00	6531
2245	PATRINA	0.00	6531
2246	OSSIE	0.00	6531
2247	NICOLLE	0.00	6531
2248	LOYCE	0.00	6531
2249	LETTY	0.00	6531
2250	LARISA	0.00	6531
2251	KATHARINA	0.00	6531
2252	JOSELYN	0.00	6531
2253	JONELLE	0.00	6531
2254	JENELL	0.00	6531
2255	IESHA	0.00	6531
2256	HEIDE	0.00	6531
2257	FLORINDA	0.00	6531
2258	FLORENTINA	0.00	6531
2259	FLO	0.00	6531
2260	ELODIA	0.00	6531
2261	DORINE	0.00	6531
2262	BRUNILDA	0.00	6531
2263	BRIGID	0.00	6531
2264	ASHLI	0.00	6531
2265	ARDELLA	0.00	6531
2266	TWANA	0.00	6531
2267	THU	0.00	6531
2268	TARAH	0.00	6531
2269	SUNG	0.00	6531
2270	SHEA	0.00	6531
2271	SHAVON	0.00	6531
2272	SHANE	0.00	6531
2273	SERINA	0.00	6531
2274	RAYNA	0.00	6531
2275	RAMONITA	0.00	6531
2276	NGA	0.00	6531
2277	MARGURITE	0.00	6531
2278	LUCRECIA	0.00	6531
2279	KOURTNEY	0.00	6531
2280	KATI	0.00	6531
2281	JESUS	0.00	6531
2282	JESENIA	0.00	6531
2283	DIAMOND	0.00	6531
2284	CRISTA	0.00	6531
2285	AYANA	0.00	6531
2286	ALICA	0.00	6531
2287	ALIA	0.00	6531
2288	VINNIE	0.00	6531
2289	SUELLEN	0.00	6531
2290	ROMELIA	0.00	6531
2291	RACHELL	0.00	6531
2292	PIPER	0.00	6531
2293	OLYMPIA	0.00	6531
2294	MICHIKO	0.00	6531
2295	KATHALEEN	0.00	6531
2296	JOLIE	0.00	6531
2297	JESSI	0.00	6531
2298	JANESSA	0.00	6531
2299	HANA	0.00	6531
2300	HA	0.00	6531
2301	ELEASE	0.00	6531
2302	CARLETTA	0.00	6531
2303	BRITANY	0.00	6531
2304	SHONA	0.00	6531
2305	SALOME	0.00	6531
2306	ROSAMOND	0.00	6531
2307	REGENA	0.00	6531
2308	RAINA	0.00	6531
2309	NGOC	0.00	6531
2310	NELIA	0.00	6531
2311	LOUVENIA	0.00	6531
2312	LESIA	0.00	6531
2313	LATRINA	0.00	6531
2314	LATICIA	0.00	6531
2315	LARHONDA	0.00	6531
2316	JINA	0.00	6531
2317	JACKI	0.00	6531
2318	HOLLIS	0.00	6531
2319	HOLLEY	0.00	6531
2320	EMMY	0.00	6531
2321	DEEANN	0.00	6531
2322	CORETTA	0.00	6531
2323	ARNETTA	0.00	6531
2324	VELVET	0.00	6531
2325	THALIA	0.00	6531
2326	SHANICE	0.00	6531
2327	NETA	0.00	6531
2328	MIKKI	0.00	6531
2329	MICKI	0.00	6531
2330	LONNA	0.00	6531
2331	LEANA	0.00	6531
2332	LASHUNDA	0.00	6531
2333	KILEY	0.00	6531
2334	JOYE	0.00	6531
2335	JACQULYN	0.00	6531
2336	IGNACIA	0.00	6531
2337	HYUN	0.00	6531
2338	HIROKO	0.00	6531
2339	HENRY	0.00	6531
2340	HENRIETTE	0.00	6531
2341	ELAYNE	0.00	6531
2342	DELINDA	0.00	6531
2343	DARNELL	0.00	6531
2344	DAHLIA	0.00	6531
2345	COREEN	0.00	6531
2346	CONSUELA	0.00	6531
2347	CONCHITA	0.00	6531
2348	CELINE	0.00	6531
2349	BABETTE	0.00	6531
2350	AYANNA	0.00	6531
2351	ANETTE	0.00	6531
2352	ALBERTINA	0.00	6531
2353	SKYE	0.00	6531
2354	SHAWNEE	0.00	6531
2355	SHANEKA	0.00	6531
2356	QUIANA	0.00	6531
2357	PAMELIA	0.00	6531
2358	MIN	0.00	6531
2359	MERRI	0.00	6531
2360	MERLENE	0.00	6531
2361	MARGIT	0.00	6531
2362	KIESHA	0.00	6531
2363	KIERA	0.00	6531
2364	KAYLENE	0.00	6531
2365	JODEE	0.00	6531
2366	JENISE	0.00	6531
2367	ERLENE	0.00	6531
2368	EMMIE	0.00	6531
2369	ELSE	0.00	6531
2370	DARYL	0.00	6531
2371	DALILA	0.00	6531
2372	DAISEY	0.00	6531
2373	CODY	0.00	6531
2374	CASIE	0.00	6531
2375	BELIA	0.00	6531
2376	BABARA	0.00	6531
2377	VERSIE	0.00	6531
2378	VANESA	0.00	6531
2379	SHELBA	0.00	6531
2380	SHAWNDA	0.00	6531
2381	SAM	0.00	6531
2382	NORMAN	0.00	6531
2383	NIKIA	0.00	6531
2384	NAOMA	0.00	6531
2385	MARNA	0.00	6531
2386	MARGERET	0.00	6531
2387	MADALINE	0.00	6531
2388	LAWANA	0.00	6531
2389	KINDRA	0.00	6531
2390	JUTTA	0.00	6531
2391	JAZMINE	0.00	6531
2392	JANETT	0.00	6531
2393	HANNELORE	0.00	6531
2394	GLENDORA	0.00	6531
2395	GERTRUD	0.00	6531
2396	GARNETT	0.00	6531
2397	FREEDA	0.00	6531
2398	FREDERICA	0.00	6531
2399	FLORANCE	0.00	6531
2400	FLAVIA	0.00	6531
2401	DENNIS	0.00	6531
2402	CARLINE	0.00	6531
2403	BEVERLEE	0.00	6531
2404	ANJANETTE	0.00	6531
2405	VALDA	0.00	6531
2406	TRINITY	0.00	6531
2407	TAMALA	0.00	6531
2408	STEVIE	0.00	6531
2409	SHONNA	0.00	6531
2410	SHA	0.00	6531
2411	SARINA	0.00	6531
2412	ONEIDA	0.00	6531
2413	MICAH	0.00	6531
2414	MERILYN	0.00	6531
2415	MARLEEN	0.00	6531
2416	LURLINE	0.00	6531
2417	LENNA	0.00	6531
2418	KATHERIN	0.00	6531
2419	JIN	0.00	6531
2420	JENI	0.00	6531
2421	HAE	0.00	6531
2422	GRACIA	0.00	6531
2423	GLADY	0.00	6531
2424	FARAH	0.00	6531
2425	ERIC	0.00	6531
2426	ENOLA	0.00	6531
2427	EMA	0.00	6531
2428	DOMINQUE	0.00	6531
2429	DEVONA	0.00	6531
2430	DELANA	0.00	6531
2431	CECILA	0.00	6531
2432	CAPRICE	0.00	6531
2433	ALYSHA	0.00	6531
2434	ALI	0.00	6531
2435	ALETHIA	0.00	6531
2436	VENA	0.00	6531
2437	THERESIA	0.00	6531
2438	TAWNY	0.00	6531
2439	SONG	0.00	6531
2440	SHAKIRA	0.00	6531
2441	SAMARA	0.00	6531
2442	SACHIKO	0.00	6531
2443	RACHELE	0.00	6531
2444	PAMELLA	0.00	6531
2445	NICKY	0.00	6531
2446	MARNI	0.00	6531
2447	MARIEL	0.00	6531
2448	MAREN	0.00	6531
2449	MALISA	0.00	6531
2450	LIGIA	0.00	6531
2451	LERA	0.00	6531
2452	LATORIA	0.00	6531
2453	LARAE	0.00	6531
2454	KIMBER	0.00	6531
2455	KATHERN	0.00	6531
2456	KAREY	0.00	6531
2457	JENNEFER	0.00	6531
2458	JANETH	0.00	6531
2459	HALINA	0.00	6531
2460	FREDIA	0.00	6531
2461	DELISA	0.00	6531
2462	DEBROAH	0.00	6531
2463	CIERA	0.00	6531
2464	CHIN	0.00	6531
2465	ANGELIKA	0.00	6531
2466	ANDREE	0.00	6531
2467	ALTHA	0.00	6531
2468	YEN	0.00	6531
2469	VIVAN	0.00	6531
2470	TERRESA	0.00	6531
2471	TANNA	0.00	6531
2472	SUK	0.00	6531
2473	SUDIE	0.00	6531
2474	SOO	0.00	6531
2475	SIGNE	0.00	6531
2476	SALENA	0.00	6531
2477	RONNI	0.00	6531
2478	REBBECCA	0.00	6531
2479	MYRTIE	0.00	6531
2480	MCKENZIE	0.00	6531
2481	MALIKA	0.00	6531
2482	MAIDA	0.00	6531
2483	LOAN	0.00	6531
2484	LEONARDA	0.00	6531
2485	KAYLEIGH	0.00	6531
2486	FRANCE	0.00	6531
2487	ETHYL	0.00	6531
2488	ELLYN	0.00	6531
2489	DAYLE	0.00	6531
2490	CAMMIE	0.00	6531
2491	BRITTNI	0.00	6531
2492	BIRGIT	0.00	6531
2493	AVELINA	0.00	6531
2494	ASUNCION	0.00	6531
2495	ARIANNA	0.00	6531
2496	AKIKO	0.00	6531
2497	VENICE	0.00	6531
2498	TYESHA	0.00	6531
2499	TONIE	0.00	6531
2500	TIESHA	0.00	6531
2501	TAKISHA	0.00	6531
2502	STEFFANIE	0.00	6531
2503	SINDY	0.00	6531
2504	SANTANA	0.00	6531
2505	MEGHANN	0.00	6531
2506	MANDA	0.00	6531
2507	MACIE	0.00	6531
2508	LADY	0.00	6531
2509	KELLYE	0.00	6531
2510	KELLEE	0.00	6531
2511	JOSLYN	0.00	6531
2512	JASON	0.00	6531
2513	INGER	0.00	6531
2514	INDIRA	0.00	6531
2515	GLINDA	0.00	6531
2516	GLENNIS	0.00	6531
2517	FERNANDA	0.00	6531
2518	FAUSTINA	0.00	6531
2519	ENEIDA	0.00	6531
2520	ELICIA	0.00	6531
2521	DOT	0.00	6531
2522	DIGNA	0.00	6531
2523	DELL	0.00	6531
2524	ARLETTA	0.00	6531
2525	ANDRE	0.00	6531
2526	WILLIA	0.00	6531
2527	TAMMARA	0.00	6531
2528	TABETHA	0.00	6531
2529	SHERRELL	0.00	6531
2530	SARI	0.00	6531
2531	REFUGIO	0.00	6531
2532	REBBECA	0.00	6531
2533	PAULETTA	0.00	6531
2534	NIEVES	0.00	6531
2535	NATOSHA	0.00	6531
2536	NAKITA	0.00	6531
2537	MAMMIE	0.00	6531
2538	KENISHA	0.00	6531
2539	KAZUKO	0.00	6531
2540	KASSIE	0.00	6531
2541	GARY	0.00	6531
2542	EARLEAN	0.00	6531
2543	DAPHINE	0.00	6531
2544	CORLISS	0.00	6531
2545	CLOTILDE	0.00	6531
2546	CAROLYNE	0.00	6531
2547	BERNETTA	0.00	6531
2548	AUGUSTINA	0.00	6531
2549	AUDREA	0.00	6531
2550	ANNIS	0.00	6531
2551	ANNABELL	0.00	6531
2552	YAN	0.00	6531
2553	TENNILLE	0.00	6531
2554	TAMICA	0.00	6531
2555	SELENE	0.00	6531
2556	SEAN	0.00	6531
2557	ROSANA	0.00	6531
2558	REGENIA	0.00	6531
2559	QIANA	0.00	6531
2560	MARKITA	0.00	6531
2561	MACY	0.00	6531
2562	LEEANNE	0.00	6531
2563	LAURINE	0.00	6531
2564	KYM	0.00	6531
2565	JESSENIA	0.00	6531
2566	JANITA	0.00	6531
2567	GEORGINE	0.00	6531
2568	GENIE	0.00	6531
2569	EMIKO	0.00	6531
2570	ELVIE	0.00	6531
2571	DEANDRA	0.00	6531
2572	DAGMAR	0.00	6531
2573	CORIE	0.00	6531
2574	COLLEN	0.00	6531
2575	CHERISH	0.00	6531
2576	ROMAINE	0.00	6531
2577	PORSHA	0.00	6531
2578	PEARLENE	0.00	6531
2579	MICHELINE	0.00	6531
2580	MERNA	0.00	6531
2581	MARGORIE	0.00	6531
2582	MARGARETTA	0.00	6531
2583	LORE	0.00	6531
2584	KENNETH	0.00	6531
2585	JENINE	0.00	6531
2586	HERMINA	0.00	6531
2587	FREDERICKA	0.00	6531
2588	ELKE	0.00	6531
2589	DRUSILLA	0.00	6531
2590	DORATHY	0.00	6531
2591	DIONE	0.00	6531
2592	DESIRE	0.00	6531
2593	CELENA	0.00	6531
2594	BRIGIDA	0.00	6531
2595	ANGELES	0.00	6531
2596	ALLEGRA	0.00	6531
2597	THEO	0.00	6531
2598	TAMEKIA	0.00	6531
2599	SYNTHIA	0.00	6531
2600	STEPHEN	0.00	6531
2601	SOOK	0.00	6531
2602	SLYVIA	0.00	6531
2603	ROSANN	0.00	6531
2604	REATHA	0.00	6531
2605	RAYE	0.00	6531
2606	MARQUETTA	0.00	6531
2607	MARGART	0.00	6531
2608	LING	0.00	6531
2609	LAYLA	0.00	6531
2610	KYMBERLY	0.00	6531
2611	KIANA	0.00	6531
2612	KAYLEEN	0.00	6531
2613	KATLYN	0.00	6531
2614	KARMEN	0.00	6531
2615	JOELLA	0.00	6531
2616	IRINA	0.00	6531
2617	EMELDA	0.00	6531
2618	ELENI	0.00	6531
2619	DETRA	0.00	6531
2620	CLEMMIE	0.00	6531
2621	CHERYLL	0.00	6531
2622	CHANTELL	0.00	6531
2623	CATHEY	0.00	6531
2624	ARNITA	0.00	6531
2625	ARLA	0.00	6531
2626	ANGLE	0.00	6531
2627	ANGELIC	0.00	6531
2628	ALYSE	0.00	6531
2629	ZOFIA	0.00	6531
2630	THOMASINE	0.00	6531
2631	TENNIE	0.00	6531
2632	SON	0.00	6531
2633	SHERLY	0.00	6531
2634	SHERLEY	0.00	6531
2635	SHARYL	0.00	6531
2636	REMEDIOS	0.00	6531
2637	PETRINA	0.00	6531
2638	NICKOLE	0.00	6531
2639	MYUNG	0.00	6531
2640	MYRLE	0.00	6531
2641	MOZELLA	0.00	6531
2642	LOUANNE	0.00	6531
2643	LISHA	0.00	6531
2644	LATIA	0.00	6531
2645	LANE	0.00	6531
2646	KRYSTA	0.00	6531
2647	JULIENNE	0.00	6531
2648	JOEL	0.00	6531
2649	JEANENE	0.00	6531
2650	JACQUALINE	0.00	6531
2651	ISAURA	0.00	6531
2652	GWENDA	0.00	6531
2653	EARLEEN	0.00	6531
2654	DONALD	0.00	6531
2655	CLEOPATRA	0.00	6531
2656	CARLIE	0.00	6531
2657	AUDIE	0.00	6531
2658	ANTONIETTA	0.00	6531
2659	ALISE	0.00	6531
2660	ALEX	0.00	6531
2661	VERDELL	0.00	6531
2662	VAL	0.00	6531
2663	TYLER	0.00	6531
2664	TOMOKO	0.00	6531
2665	THAO	0.00	6531
2666	TALISHA	0.00	6531
2667	STEVEN	0.00	6531
2668	SO	0.00	6531
2669	SHEMIKA	0.00	6531
2670	SHAUN	0.00	6531
2671	SCARLET	0.00	6531
2672	SAVANNA	0.00	6531
2673	SANTINA	0.00	6531
2674	ROSIA	0.00	6531
2675	RAEANN	0.00	6531
2676	ODILIA	0.00	6531
2677	NANA	0.00	6531
2678	MINNA	0.00	6531
2679	MAGAN	0.00	6531
2680	LYNELLE	0.00	6531
2681	LE	0.00	6531
2682	KARMA	0.00	6531
2683	JOEANN	0.00	6531
2684	IVANA	0.00	6531
2685	INELL	0.00	6531
2686	ILANA	0.00	6531
2687	HYE	0.00	6531
2688	HONEY	0.00	6531
2689	HEE	0.00	6531
2690	GUDRUN	0.00	6531
2691	FRANK	0.00	6531
2692	DREAMA	0.00	6531
2693	CRISSY	0.00	6531
2694	CHANTE	0.00	6531
2695	CARMELINA	0.00	6531
2696	ARVILLA	0.00	6531
2697	ARTHUR	0.00	6531
2698	ANNAMAE	0.00	6531
2699	ALVERA	0.00	6531
2700	ALEIDA	0.00	6531
2701	AARON	0.00	6531
2702	YEE	0.00	6531
2703	YANIRA	0.00	6531
2704	VANDA	0.00	6531
2705	TIANNA	0.00	6531
2706	TAM	0.00	6531
2707	STEFANIA	0.00	6531
2708	SHIRA	0.00	6531
2709	PERRY	0.00	6531
2710	NICOL	0.00	6531
2711	NANCIE	0.00	6531
2712	MONSERRATE	0.00	6531
2713	MINH	0.00	6531
2714	MELYNDA	0.00	6531
2715	MELANY	0.00	6531
2716	MATTHEW	0.00	6531
2717	LOVELLA	0.00	6531
2718	LAURE	0.00	6531
2719	KIRBY	0.00	6531
2720	KACY	0.00	6531
2721	JACQUELYNN	0.00	6531
2722	HYON	0.00	6531
2723	GERTHA	0.00	6531
2724	FRANCISCO	0.00	6531
2725	ELIANA	0.00	6531
2726	CHRISTENA	0.00	6531
2727	CHRISTEEN	0.00	6531
2728	CHARISE	0.00	6531
2729	CATERINA	0.00	6531
2730	CARLEY	0.00	6531
2731	CANDYCE	0.00	6531
2732	ARLENA	0.00	6531
2733	AMMIE	0.00	6531
2734	YANG	0.00	6531
2735	WILLETTE	0.00	6531
2736	VANITA	0.00	6531
2737	TUYET	0.00	6531
2738	TINY	0.00	6531
2739	SYREETA	0.00	6531
2740	SILVA	0.00	6531
2741	SCOTT	0.00	6531
2742	RONALD	0.00	6531
2743	PENNEY	0.00	6531
2744	NYLA	0.00	6531
2745	MICHAL	0.00	6531
2746	MAURICE	0.00	6531
2747	MARYAM	0.00	6531
2748	MARYA	0.00	6531
2749	MAGEN	0.00	6531
2750	LUDIE	0.00	6531
2751	LOMA	0.00	6531
2752	LIVIA	0.00	6531
2753	LANELL	0.00	6531
2754	KIMBERLIE	0.00	6531
2755	JULEE	0.00	6531
2756	DONETTA	0.00	6531
2757	DIEDRA	0.00	6531
2758	DENISHA	0.00	6531
2759	DEANE	0.00	6531
2760	DAWNE	0.00	6531
2761	CLARINE	0.00	6531
2762	CHERRYL	0.00	6531
2763	BRONWYN	0.00	6531
2764	BRANDON	0.00	6531
2765	ALLA	0.00	6531
2766	VALERY	0.00	6531
2767	TONDA	0.00	6531
2768	SUEANN	0.00	6531
2769	SORAYA	0.00	6531
2770	SHOSHANA	0.00	6531
2771	SHELA	0.00	6531
2772	SHARLEEN	0.00	6531
2773	SHANELLE	0.00	6531
2774	NERISSA	0.00	6531
2775	MICHEAL	0.00	6531
2776	MERIDITH	0.00	6531
2777	MELLIE	0.00	6531
2778	MAYE	0.00	6531
2779	MAPLE	0.00	6531
2780	MAGARET	0.00	6531
2781	LUIS	0.00	6531
2782	LILI	0.00	6531
2783	LEONILA	0.00	6531
2784	LEONIE	0.00	6531
2785	LEEANNA	0.00	6531
2786	LAVONIA	0.00	6531
2787	LAVERA	0.00	6531
2788	KRISTEL	0.00	6531
2789	KATHEY	0.00	6531
2790	KATHE	0.00	6531
2791	JUSTIN	0.00	6531
2792	JULIAN	0.00	6531
2793	JIMMY	0.00	6531
2794	JANN	0.00	6531
2795	ILDA	0.00	6531
2796	HILDRED	0.00	6531
2797	HILDEGARDE	0.00	6531
2798	GENIA	0.00	6531
2799	FUMIKO	0.00	6531
2800	EVELIN	0.00	6531
2801	ERMELINDA	0.00	6531
2802	ELLY	0.00	6531
2803	DUNG	0.00	6531
2804	DOLORIS	0.00	6531
2805	DIONNA	0.00	6531
2806	DANAE	0.00	6531
2807	BERNEICE	0.00	6531
2808	ANNICE	0.00	6531
2809	ALIX	0.00	6531
2810	VERENA	0.00	6531
2811	VERDIE	0.00	6531
2812	TRISTAN	0.00	6531
2813	SHAWNNA	0.00	6531
2814	SHAWANA	0.00	6531
2815	SHAUNNA	0.00	6531
2816	ROZELLA	0.00	6531
2817	RANDEE	0.00	6531
2818	RANAE	0.00	6531
2819	MILAGRO	0.00	6531
2820	LYNELL	0.00	6531
2821	LUISE	0.00	6531
2822	LOUIE	0.00	6531
2823	LOIDA	0.00	6531
2824	LISBETH	0.00	6531
2825	KARLEEN	0.00	6531
2826	JUNITA	0.00	6531
2827	JONA	0.00	6531
2828	ISIS	0.00	6531
2829	HYACINTH	0.00	6531
2830	HEDY	0.00	6531
2831	GWENN	0.00	6531
2832	ETHELENE	0.00	6531
2833	ERLINE	0.00	6531
2834	EDWARD	0.00	6531
2835	DONYA	0.00	6531
2836	DOMONIQUE	0.00	6531
2837	DELICIA	0.00	6531
2838	DANNETTE	0.00	6531
2839	CICELY	0.00	6531
2840	BRANDA	0.00	6531
2841	BLYTHE	0.00	6531
2842	BETHANN	0.00	6531
2843	ASHLYN	0.00	6531
2844	ANNALEE	0.00	6531
2845	ALLINE	0.00	6531
2846	YUKO	0.00	6531
2847	VELLA	0.00	6531
2848	TRANG	0.00	6531
2849	TOWANDA	0.00	6531
2850	TESHA	0.00	6531
2851	SHERLYN	0.00	6531
2852	NARCISA	0.00	6531
2853	MIGUELINA	0.00	6531
2854	MERI	0.00	6531
2855	MAYBELL	0.00	6531
2856	MARLANA	0.00	6531
2857	MARGUERITA	0.00	6531
2858	MADLYN	0.00	6531
2859	LUNA	0.00	6531
2860	LORY	0.00	6531
2861	LORIANN	0.00	6531
2862	LIBERTY	0.00	6531
2863	LEONORE	0.00	6531
2864	LEIGHANN	0.00	6531
2865	LAURICE	0.00	6531
2866	LATESHA	0.00	6531
2867	LARONDA	0.00	6531
2868	KATRICE	0.00	6531
2869	KASIE	0.00	6531
2870	KARL	0.00	6531
2871	KALEY	0.00	6531
2872	JADWIGA	0.00	6531
2873	GLENNIE	0.00	6531
2874	GEARLDINE	0.00	6531
2875	FRANCINA	0.00	6531
2876	EPIFANIA	0.00	6531
2877	DYAN	0.00	6531
2878	DORIE	0.00	6531
2879	DIEDRE	0.00	6531
2880	DENESE	0.00	6531
2881	DEMETRICE	0.00	6531
2882	DELENA	0.00	6531
2883	DARBY	0.00	6531
2884	CRISTIE	0.00	6531
2885	CLEORA	0.00	6531
2886	CATARINA	0.00	6531
2887	CARISA	0.00	6531
2888	BERNIE	0.00	6531
2889	BARBERA	0.00	6531
2890	ALMETA	0.00	6531
2891	TRULA	0.00	6531
2892	TEREASA	0.00	6531
2893	SOLANGE	0.00	6531
2894	SHEILAH	0.00	6531
2895	SHAVONNE	0.00	6531
2896	SANORA	0.00	6531
2897	ROCHELL	0.00	6531
2898	MATHILDE	0.00	6531
2899	MARGARETA	0.00	6531
2900	MAIA	0.00	6531
2901	LYNSEY	0.00	6531
2902	LAWANNA	0.00	6531
2903	LAUNA	0.00	6531
2904	KENA	0.00	6531
2905	KEENA	0.00	6531
2906	KATIA	0.00	6531
2907	JAMEY	0.00	6531
2908	GLYNDA	0.00	6531
2909	GAYLENE	0.00	6531
2910	ELVINA	0.00	6531
2911	ELANOR	0.00	6531
2912	DANUTA	0.00	6531
2913	DANIKA	0.00	6531
2914	CRISTEN	0.00	6531
2915	CORDIE	0.00	6531
2916	COLETTA	0.00	6531
2917	CLARITA	0.00	6531
2918	CARMON	0.00	6531
2919	BRYNN	0.00	6531
2920	AZUCENA	0.00	6531
2921	AUNDREA	0.00	6531
2922	ANGELE	0.00	6531
2923	YI	0.00	6531
2924	WALTER	0.00	6531
2925	VERLIE	0.00	6531
2926	VERLENE	0.00	6531
2927	TAMESHA	0.00	6531
2928	SILVANA	0.00	6531
2929	SEBRINA	0.00	6531
2930	SAMIRA	0.00	6531
2931	REDA	0.00	6531
2932	RAYLENE	0.00	6531
2933	PENNI	0.00	6531
2934	PANDORA	0.00	6531
2935	NORAH	0.00	6531
2936	NOMA	0.00	6531
2937	MIREILLE	0.00	6531
2938	MELISSIA	0.00	6531
2939	MARYALICE	0.00	6531
2940	LARAINE	0.00	6531
2941	KIMBERY	0.00	6531
2942	KARYL	0.00	6531
2943	KARINE	0.00	6531
2944	KAM	0.00	6531
2945	JOLANDA	0.00	6531
2946	JOHANA	0.00	6531
2947	JESUSA	0.00	6531
2948	JALEESA	0.00	6531
2949	JAE	0.00	6531
2950	JACQUELYNE	0.00	6531
2951	IRISH	0.00	6531
2952	ILUMINADA	0.00	6531
2953	HILARIA	0.00	6531
2954	HANH	0.00	6531
2955	GENNIE	0.00	6531
2956	FRANCIE	0.00	6531
2957	FLORETTA	0.00	6531
2958	EXIE	0.00	6531
2959	EDDA	0.00	6531
2960	DREMA	0.00	6531
2961	DELPHA	0.00	6531
2962	BEV	0.00	6531
2963	BARBAR	0.00	6531
2964	ASSUNTA	0.00	6531
2965	ARDELL	0.00	6531
2966	ANNALISA	0.00	6531
2967	ALISIA	0.00	6531
2968	YUKIKO	0.00	6531
2969	YOLANDO	0.00	6531
2970	WONDA	0.00	6531
2971	WEI	0.00	6531
2972	WALTRAUD	0.00	6531
2973	VETA	0.00	6531
2974	TEQUILA	0.00	6531
2975	TEMEKA	0.00	6531
2976	TAMEIKA	0.00	6531
2977	SHIRLEEN	0.00	6531
2978	SHENITA	0.00	6531
2979	PIEDAD	0.00	6531
2980	OZELLA	0.00	6531
2981	MIRTHA	0.00	6531
2982	MARILU	0.00	6531
2983	KIMIKO	0.00	6531
2984	JULIANE	0.00	6531
2985	JENICE	0.00	6531
2986	JEN	0.00	6531
2987	JANAY	0.00	6531
2988	JACQUILINE	0.00	6531
2989	HILDE	0.00	6531
2990	FE	0.00	6531
2991	FAE	0.00	6531
2992	EVAN	0.00	6531
2993	EUGENE	0.00	6531
2994	ELOIS	0.00	6531
2995	ECHO	0.00	6531
2996	DEVORAH	0.00	6531
2997	CHAU	0.00	6531
2998	BRINDA	0.00	6531
2999	BETSEY	0.00	6531
3000	ARMINDA	0.00	6531
3001	ARACELIS	0.00	6531
3002	APRYL	0.00	6531
3003	ANNETT	0.00	6531
3004	ALISHIA	0.00	6531
3005	VEOLA	0.00	6531
3006	USHA	0.00	6531
3007	TOSHIKO	0.00	6531
3008	THEOLA	0.00	6531
3009	TASHIA	0.00	6531
3010	TALITHA	0.00	6531
3011	SHERY	0.00	6531
3012	RUDY	0.00	6531
3013	RENETTA	0.00	6531
3014	REIKO	0.00	6531
3015	RASHEEDA	0.00	6531
3016	OMEGA	0.00	6531
3017	OBDULIA	0.00	6531
3018	MIKA	0.00	6531
3019	MELAINE	0.00	6531
3020	MEGGAN	0.00	6531
3021	MARTIN	0.00	6531
3022	MARLEN	0.00	6531
3023	MARGET	0.00	6531
3024	MARCELINE	0.00	6531
3025	MANA	0.00	6531
3026	MAGDALEN	0.00	6531
3027	LIBRADA	0.00	6531
3028	LEZLIE	0.00	6531
3029	LEXIE	0.00	6531
3030	LATASHIA	0.00	6531
3031	LASANDRA	0.00	6531
3032	KELLE	0.00	6531
3033	ISIDRA	0.00	6531
3034	ISA	0.00	6531
3035	INOCENCIA	0.00	6531
3036	GWYN	0.00	6531
3037	FRANCOISE	0.00	6531
3038	ERMINIA	0.00	6531
3039	ERINN	0.00	6531
3040	DIMPLE	0.00	6531
3041	DEVORA	0.00	6531
3042	CRISELDA	0.00	6531
3043	ARMANDA	0.00	6531
3044	ARIE	0.00	6531
3045	ARIANE	0.00	6531
3046	ANGELO	0.00	6531
3047	ANGELENA	0.00	6531
3048	ALLEN	0.00	6531
3049	ALIZA	0.00	6531
3050	ADRIENE	0.00	6531
3051	ADALINE	0.00	6531
3052	XOCHITL	0.00	3266
3053	TWANNA	0.00	3266
3054	TRAN	0.00	3266
3055	TOMIKO	0.00	3266
3056	TAMISHA	0.00	3266
3057	TAISHA	0.00	3266
3058	SUSY	0.00	3266
3059	SIU	0.00	3266
3060	RUTHA	0.00	3266
3061	ROXY	0.00	3266
3062	RHONA	0.00	3266
3063	RAYMOND	0.00	3266
3064	OTHA	0.00	3266
3065	NORIKO	0.00	3266
3066	NATASHIA	0.00	3266
3067	MERRIE	0.00	3266
3068	MELVIN	0.00	3266
3069	MARINDA	0.00	3266
3070	MARIKO	0.00	3266
3071	MARGERT	0.00	3266
3072	LORIS	0.00	3266
3073	LIZZETTE	0.00	3266
3074	LEISHA	0.00	3266
3075	KAILA	0.00	3266
3076	KA	0.00	3266
3077	JOANNIE	0.00	3266
3078	JERRICA	0.00	3266
3079	JENE	0.00	3266
3080	JANNET	0.00	3266
3081	JANEE	0.00	3266
3082	JACINDA	0.00	3266
3083	HERTA	0.00	3266
3084	ELENORE	0.00	3266
3085	DORETTA	0.00	3266
3086	DELAINE	0.00	3266
3087	DANIELL	0.00	3266
3088	CLAUDIE	0.00	3266
3089	CHINA	0.00	3266
3090	BRITTA	0.00	3266
3091	APOLONIA	0.00	3266
3092	AMBERLY	0.00	3266
3093	ALEASE	0.00	3266
3094	YURI	0.00	3266
3095	YUK	0.00	3266
3096	WEN	0.00	3266
3097	WANETA	0.00	3266
3098	UTE	0.00	3266
3099	TOMI	0.00	3266
3100	SHARRI	0.00	3266
3101	SANDIE	0.00	3266
3102	ROSELLE	0.00	3266
3103	REYNALDA	0.00	3266
3104	RAGUEL	0.00	3266
3105	PHYLICIA	0.00	3266
3106	PATRIA	0.00	3266
3107	OLIMPIA	0.00	3266
3108	ODELIA	0.00	3266
3109	MITZIE	0.00	3266
3110	MITCHELL	0.00	3266
3111	MISS	0.00	3266
3112	MINDA	0.00	3266
3113	MIGNON	0.00	3266
3114	MICA	0.00	3266
3115	MENDY	0.00	3266
3116	MARIVEL	0.00	3266
3117	MAILE	0.00	3266
3118	LYNETTA	0.00	3266
3119	LAVETTE	0.00	3266
3120	LAURYN	0.00	3266
3121	LATRISHA	0.00	3266
3122	LAKIESHA	0.00	3266
3123	KIERSTEN	0.00	3266
3124	KARY	0.00	3266
3125	JOSPHINE	0.00	3266
3126	JOLYN	0.00	3266
3127	JETTA	0.00	3266
3128	JANISE	0.00	3266
3129	JACQUIE	0.00	3266
3130	IVELISSE	0.00	3266
3131	GLYNIS	0.00	3266
3132	GIANNA	0.00	3266
3133	GAYNELLE	0.00	3266
3134	EMERALD	0.00	3266
3135	DEMETRIUS	0.00	3266
3136	DANYELL	0.00	3266
3137	DANILLE	0.00	3266
3138	DACIA	0.00	3266
3139	CORALEE	0.00	3266
3140	CHER	0.00	3266
3141	CEOLA	0.00	3266
3142	BRETT	0.00	3266
3143	BELL	0.00	3266
3144	ARIANNE	0.00	3266
3145	ALESHIA	0.00	3266
3146	YUNG	0.00	3266
3147	WILLIEMAE	0.00	3266
3148	TROY	0.00	3266
3149	TRINH	0.00	3266
3150	THORA	0.00	3266
3151	TAI	0.00	3266
3152	SVETLANA	0.00	3266
3153	SHERIKA	0.00	3266
3154	SHEMEKA	0.00	3266
3155	SHAUNDA	0.00	3266
3156	ROSELINE	0.00	3266
3157	RICKI	0.00	3266
3158	MELDA	0.00	3266
3159	MALLIE	0.00	3266
3160	LAVONNA	0.00	3266
3161	LATINA	0.00	3266
3162	LARRY	0.00	3266
3163	LAQUANDA	0.00	3266
3164	LALA	0.00	3266
3165	LACHELLE	0.00	3266
3166	KLARA	0.00	3266
3167	KANDIS	0.00	3266
3168	JOHNA	0.00	3266
3169	JEANMARIE	0.00	3266
3170	JAYE	0.00	3266
3171	HANG	0.00	3266
3172	GRAYCE	0.00	3266
3173	GERTUDE	0.00	3266
3174	EMERITA	0.00	3266
3175	EBONIE	0.00	3266
3176	CLORINDA	0.00	3266
3177	CHING	0.00	3266
3178	CHERY	0.00	3266
3179	CAROLA	0.00	3266
3180	BREANN	0.00	3266
3181	BLOSSOM	0.00	3266
3182	BERNARDINE	0.00	3266
3183	BECKI	0.00	3266
3184	ARLETHA	0.00	3266
3185	ARGELIA	0.00	3266
3186	ARA	0.00	3266
3187	ALITA	0.00	3266
3188	YULANDA	0.00	3266
3189	YON	0.00	3266
3190	YESSENIA	0.00	3266
3191	TOBI	0.00	3266
3192	TASIA	0.00	3266
3193	SYLVIE	0.00	3266
3194	SHIRL	0.00	3266
3195	SHIRELY	0.00	3266
3196	SHERIDAN	0.00	3266
3197	SHELLA	0.00	3266
3198	SHANTELLE	0.00	3266
3199	SACHA	0.00	3266
3200	ROYCE	0.00	3266
3201	REBECKA	0.00	3266
3202	REAGAN	0.00	3266
3203	PROVIDENCIA	0.00	3266
3204	PAULENE	0.00	3266
3205	MISHA	0.00	3266
3206	MIKI	0.00	3266
3207	MARLINE	0.00	3266
3208	MARICA	0.00	3266
3209	LORITA	0.00	3266
3210	LATOYIA	0.00	3266
3211	LASONYA	0.00	3266
3212	KERSTIN	0.00	3266
3213	KENDA	0.00	3266
3214	KEITHA	0.00	3266
3215	KATHRIN	0.00	3266
3216	JAYMIE	0.00	3266
3217	JACK	0.00	3266
3218	GRICELDA	0.00	3266
3219	GINETTE	0.00	3266
3220	ERYN	0.00	3266
3221	ELINA	0.00	3266
3222	ELFRIEDA	0.00	3266
3223	DANYEL	0.00	3266
3224	CHEREE	0.00	3266
3225	CHANELLE	0.00	3266
3226	BARRIE	0.00	3266
3227	AVERY	0.00	3266
3228	AURORE	0.00	3266
3229	ANNAMARIA	0.00	3266
3230	ALLEEN	0.00	3266
3231	AILENE	0.00	3266
3232	AIDE	0.00	3266
3233	YASMINE	0.00	3266
3234	VASHTI	0.00	3266
3235	VALENTINE	0.00	3266
3236	TREASA	0.00	3266
3237	TORY	0.00	3266
3238	TIFFANEY	0.00	3266
3239	SHERYLL	0.00	3266
3240	SHARIE	0.00	3266
3241	SHANAE	0.00	3266
3242	SAU	0.00	3266
3243	RAISA	0.00	3266
3244	PA	0.00	3266
3245	NEDA	0.00	3266
3246	MITSUKO	0.00	3266
3247	MIRELLA	0.00	3266
3248	MILDA	0.00	3266
3249	MARYANNA	0.00	3266
3250	MARAGRET	0.00	3266
3251	MABELLE	0.00	3266
3252	LUETTA	0.00	3266
3253	LORINA	0.00	3266
3254	LETISHA	0.00	3266
3255	LATARSHA	0.00	3266
3256	LANELLE	0.00	3266
3257	LAJUANA	0.00	3266
3258	KRISSY	0.00	3266
3259	KARLY	0.00	3266
3260	KARENA	0.00	3266
3261	JON	0.00	3266
3262	JESSIKA	0.00	3266
3263	JERICA	0.00	3266
3264	JEANELLE	0.00	3266
3265	JANUARY	0.00	3266
3266	JALISA	0.00	3266
3267	JACELYN	0.00	3266
3268	IZOLA	0.00	3266
3269	IVEY	0.00	3266
3270	GREGORY	0.00	3266
3271	EUNA	0.00	3266
3272	ETHA	0.00	3266
3273	DREW	0.00	3266
3274	DOMITILA	0.00	3266
3275	DOMINICA	0.00	3266
3276	DAINA	0.00	3266
3277	CREOLA	0.00	3266
3278	CARLI	0.00	3266
3279	CAMIE	0.00	3266
3280	BUNNY	0.00	3266
3281	BRITTNY	0.00	3266
3282	ASHANTI	0.00	3266
3283	ANISHA	0.00	3266
3284	ALEEN	0.00	3266
3285	ADAH	0.00	3266
3286	YASUKO	0.00	3266
3287	WINTER	0.00	3266
3288	VIKI	0.00	3266
3289	VALRIE	0.00	3266
3290	TONA	0.00	3266
3291	TINISHA	0.00	3266
3292	THI	0.00	3266
3293	TERISA	0.00	3266
3294	TATUM	0.00	3266
3295	TANEKA	0.00	3266
3296	SIMONNE	0.00	3266
3297	SHALANDA	0.00	3266
3298	SERITA	0.00	3266
3299	RESSIE	0.00	3266
3300	REFUGIA	0.00	3266
3301	PAZ	0.00	3266
3302	OLENE	0.00	3266
3303		0.00	3266
3304	MERRILL	0.00	3266
3305	MARGHERITA	0.00	3266
3306	MANDIE	0.00	3266
3307	MAN	0.00	3266
3308	MAIRE	0.00	3266
3309	LYNDIA	0.00	3266
3310	LUCI	0.00	3266
3311	LORRIANE	0.00	3266
3312	LORETA	0.00	3266
3313	LEONIA	0.00	3266
3314	LAVONA	0.00	3266
3315	LASHAWNDA	0.00	3266
3316	LAKIA	0.00	3266
3317	KYOKO	0.00	3266
3318	KRYSTINA	0.00	3266
3319	KRYSTEN	0.00	3266
3320	KENIA	0.00	3266
3321	KELSI	0.00	3266
3322	JUDE	0.00	3266
3323	JEANICE	0.00	3266
3324	ISOBEL	0.00	3266
3325	GEORGIANN	0.00	3266
3326	GENNY	0.00	3266
3327	FELICIDAD	0.00	3266
3328	EILENE	0.00	3266
3329	DEON	0.00	3266
3330	DELOISE	0.00	3266
3331	DEEDEE	0.00	3266
3332	DANNIE	0.00	3266
3333	CONCEPTION	0.00	3266
3334	CLORA	0.00	3266
3335	CHERILYN	0.00	3266
3336	CHANG	0.00	3266
3337	CALANDRA	0.00	3266
3338	BERRY	0.00	3266
3339	ARMANDINA	0.00	3266
3340	ANISA	0.00	3266
3341	ULA	0.00	3266
3342	TIMOTHY	0.00	3266
3343	TIERA	0.00	3266
3344	THERESSA	0.00	3266
3345	STEPHANIA	0.00	3266
3346	SIMA	0.00	3266
3347	SHYLA	0.00	3266
3348	SHONTA	0.00	3266
3349	SHERA	0.00	3266
3350	SHAQUITA	0.00	3266
3351	SHALA	0.00	3266
3352	SAMMY	0.00	3266
3353	ROSSANA	0.00	3266
3354	NOHEMI	0.00	3266
3355	NERY	0.00	3266
3356	MORIAH	0.00	3266
3357	MELITA	0.00	3266
3358	MELIDA	0.00	3266
3359	MELANI	0.00	3266
3360	MARYLYNN	0.00	3266
3361	MARISHA	0.00	3266
3362	MARIETTE	0.00	3266
3363	MALORIE	0.00	3266
3364	MADELENE	0.00	3266
3365	LUDIVINA	0.00	3266
3366	LORIA	0.00	3266
3367	LORETTE	0.00	3266
3368	LORALEE	0.00	3266
3369	LIANNE	0.00	3266
3370	LEON	0.00	3266
3371	LAVENIA	0.00	3266
3372	LAURINDA	0.00	3266
3373	LASHON	0.00	3266
3374	KIT	0.00	3266
3375	KIMI	0.00	3266
3376	KEILA	0.00	3266
3377	KATELYNN	0.00	3266
3378	KAI	0.00	3266
3379	JONE	0.00	3266
3380	JOANE	0.00	3266
3381	JI	0.00	3266
3382	JAYNA	0.00	3266
3383	JANELLA	0.00	3266
3384	JA	0.00	3266
3385	HUE	0.00	3266
3386	HERTHA	0.00	3266
3387	FRANCENE	0.00	3266
3388	ELINORE	0.00	3266
3389	DESPINA	0.00	3266
3390	DELSIE	0.00	3266
3391	DEEDRA	0.00	3266
3392	CLEMENCIA	0.00	3266
3393	CARRY	0.00	3266
3394	CAROLIN	0.00	3266
3395	CARLOS	0.00	3266
3396	BULAH	0.00	3266
3397	BRITTANIE	0.00	3266
3398	BOK	0.00	3266
3399	BLONDELL	0.00	3266
3400	BIBI	0.00	3266
3401	BEAULAH	0.00	3266
3402	BEATA	0.00	3266
3403	ANNITA	0.00	3266
3404	AGRIPINA	0.00	3266
3405	VIRGEN	0.00	3266
3406	VALENE	0.00	3266
3407	UN	0.00	3266
3408	TWANDA	0.00	3266
3409	TOMMYE	0.00	3266
3410	TOI	0.00	3266
3411	TARRA	0.00	3266
3412	TARI	0.00	3266
3413	TAMMERA	0.00	3266
3414	SHAKIA	0.00	3266
3415	SADYE	0.00	3266
3416	RUTHANNE	0.00	3266
3417	ROCHEL	0.00	3266
3418	RIVKA	0.00	3266
3419	PURA	0.00	3266
3420	NENITA	0.00	3266
3421	NATISHA	0.00	3266
3422	MING	0.00	3266
3423	MERRILEE	0.00	3266
3424	MELODEE	0.00	3266
3425	MARVIS	0.00	3266
3426	LUCILLA	0.00	3266
3427	LEENA	0.00	3266
3428	LAVETA	0.00	3266
3429	LARITA	0.00	3266
3430	LANIE	0.00	3266
3431	KEREN	0.00	3266
3432	ILEEN	0.00	3266
3433	GEORGEANN	0.00	3266
3434	GENNA	0.00	3266
3435	GENESIS	0.00	3266
3436	FRIDA	0.00	3266
3437	EWA	0.00	3266
3438	EUFEMIA	0.00	3266
3439	EMELY	0.00	3266
3440	ELA	0.00	3266
3441	EDYTH	0.00	3266
3442	DEONNA	0.00	3266
3443	DEADRA	0.00	3266
3444	DARLENA	0.00	3266
3445	CHANELL	0.00	3266
3446	CHAN	0.00	3266
3447	CATHERN	0.00	3266
3448	CASSONDRA	0.00	3266
3449	CASSAUNDRA	0.00	3266
3450	BERNARDA	0.00	3266
3451	BERNA	0.00	3266
3452	ARLINDA	0.00	3266
3453	ANAMARIA	0.00	3266
3454	ALBERT	0.00	3266
3455	WESLEY	0.00	3266
3456	VERTIE	0.00	3266
3457	VALERI	0.00	3266
3458	TORRI	0.00	3266
3459	TATYANA	0.00	3266
3460	STASIA	0.00	3266
3461	SHERISE	0.00	3266
3462	SHERILL	0.00	3266
3463	SEASON	0.00	3266
3464	SCOTTIE	0.00	3266
3465	SANDA	0.00	3266
3466	RUTHE	0.00	3266
3467	ROSY	0.00	3266
3468	ROBERTO	0.00	3266
3469	ROBBI	0.00	3266
3470	RANEE	0.00	3266
3471	QUYEN	0.00	3266
3472	PEARLY	0.00	3266
3473	PALMIRA	0.00	3266
3474	ONITA	0.00	3266
3475	NISHA	0.00	3266
3476	NIESHA	0.00	3266
3477	NIDA	0.00	3266
3478	NEVADA	0.00	3266
3479	NAM	0.00	3266
3480	MERLYN	0.00	3266
3481	MAYOLA	0.00	3266
3482	MARYLOUISE	0.00	3266
3483	MARYLAND	0.00	3266
3484	MARX	0.00	3266
3485	MARTH	0.00	3266
3486	MARGENE	0.00	3266
3487	MADELAINE	0.00	3266
3488	LONDA	0.00	3266
3489	LEONTINE	0.00	3266
3490	LEOMA	0.00	3266
3491	LEIA	0.00	3266
3492	LAWRENCE	0.00	3266
3493	LAURALEE	0.00	3266
3494	LANORA	0.00	3266
3495	LAKITA	0.00	3266
3496	KIYOKO	0.00	3266
3497	KETURAH	0.00	3266
3498	KATELIN	0.00	3266
3499	KAREEN	0.00	3266
3500	JONIE	0.00	3266
3501	JOHNETTE	0.00	3266
3502	JENEE	0.00	3266
3503	JEANETT	0.00	3266
3504	IZETTA	0.00	3266
3505	HIEDI	0.00	3266
3506	HEIKE	0.00	3266
3507	HASSIE	0.00	3266
3508	HAROLD	0.00	3266
3509	GIUSEPPINA	0.00	3266
3510	GEORGANN	0.00	3266
3511	FIDELA	0.00	3266
3512	FERNANDE	0.00	3266
3513	ELWANDA	0.00	3266
3514	ELLAMAE	0.00	3266
3515	ELIZ	0.00	3266
3516	DUSTI	0.00	3266
3517	DOTTY	0.00	3266
3518	CYNDY	0.00	3266
3519	CORALIE	0.00	3266
3520	CELESTA	0.00	3266
3521	ARGENTINA	0.00	3266
3522	ALVERTA	0.00	3266
3523	XENIA	0.00	3266
3524	WAVA	0.00	3266
3525	VANETTA	0.00	3266
3526	TORRIE	0.00	3266
3527	TASHINA	0.00	3266
3528	TANDY	0.00	3266
3529	TAMBRA	0.00	3266
3530	TAMA	0.00	3266
3531	STEPANIE	0.00	3266
3532	SHILA	0.00	3266
3533	SHAUNTA	0.00	3266
3534	SHARAN	0.00	3266
3535	SHANIQUA	0.00	3266
3536	SHAE	0.00	3266
3537	SETSUKO	0.00	3266
3538	SERAFINA	0.00	3266
3539	SANDEE	0.00	3266
3540	ROSAMARIA	0.00	3266
3541	PRISCILA	0.00	3266
3542	OLINDA	0.00	3266
3543	NADENE	0.00	3266
3544	MUOI	0.00	3266
3545	MICHELINA	0.00	3266
3546	MERCEDEZ	0.00	3266
3547	MARYROSE	0.00	3266
3548	MARIN	0.00	3266
3549	MARCENE	0.00	3266
3550	MAO	0.00	3266
3551	MAGALI	0.00	3266
3552	MAFALDA	0.00	3266
3553	LOGAN	0.00	3266
3554	LINN	0.00	3266
3555	LANNIE	0.00	3266
3556	KAYCE	0.00	3266
3557	KAROLINE	0.00	3266
3558	KAMILAH	0.00	3266
3559	KAMALA	0.00	3266
3560	JUSTA	0.00	3266
3561	JOLINE	0.00	3266
3562	JENNINE	0.00	3266
3563	JACQUETTA	0.00	3266
3564	IRAIDA	0.00	3266
3565	GERALD	0.00	3266
3566	GEORGEANNA	0.00	3266
3567	FRANCHESCA	0.00	3266
3568	FAIRY	0.00	3266
3569	EMELINE	0.00	3266
3570	ELANE	0.00	3266
3571	EHTEL	0.00	3266
3572	EARLIE	0.00	3266
3573	DULCIE	0.00	3266
3574	DALENE	0.00	3266
3575	CRIS	0.00	3266
3576	CLASSIE	0.00	3266
3577	CHERE	0.00	3266
3578	CHARIS	0.00	3266
3579	CAROYLN	0.00	3266
3580	CARMINA	0.00	3266
3581	CARITA	0.00	3266
3582	BRIAN	0.00	3266
3583	BETHANIE	0.00	3266
3584	AYAKO	0.00	3266
3585	ARICA	0.00	3266
3586	AN	0.00	3266
3587	ALYSA	0.00	3266
3588	ALESSANDRA	0.00	3266
3589	AKILAH	0.00	3266
3590	ADRIEN	0.00	3266
3591	ZETTA	0.00	3266
3592	YOULANDA	0.00	3266
3593	YELENA	0.00	3266
3594	YAHAIRA	0.00	3266
3595	XUAN	0.00	3266
3596	WENDOLYN	0.00	3266
3597	VICTOR	0.00	3266
3598	TIJUANA	0.00	3266
3599	TERRELL	0.00	3266
3600	TERINA	0.00	3266
3601	TERESIA	0.00	3266
3602	SUZI	0.00	3266
3603	SUNDAY	0.00	3266
3604	SHERELL	0.00	3266
3605	SHAVONDA	0.00	3266
3606	SHAUNTE	0.00	3266
3607	SHARDA	0.00	3266
3608	SHAKITA	0.00	3266
3609	SENA	0.00	3266
3610	RYANN	0.00	3266
3611	RUBI	0.00	3266
3612	RIVA	0.00	3266
3613	REGINIA	0.00	3266
3614	REA	0.00	3266
3615	RACHAL	0.00	3266
3616	PARTHENIA	0.00	3266
3617	PAMULA	0.00	3266
3618	MONNIE	0.00	3266
3619	MONET	0.00	3266
3620	MICHAELE	0.00	3266
3621	MELIA	0.00	3266
3622	MARINE	0.00	3266
3623	MALKA	0.00	3266
3624	MAISHA	0.00	3266
3625	LISANDRA	0.00	3266
3626	LEO	0.00	3266
3627	LEKISHA	0.00	3266
3628	LEAN	0.00	3266
3629	LAURENCE	0.00	3266
3630	LAKENDRA	0.00	3266
3631	KRYSTIN	0.00	3266
3632	KORTNEY	0.00	3266
3633	KIZZIE	0.00	3266
3634	KITTIE	0.00	3266
3635	KERA	0.00	3266
3636	KENDAL	0.00	3266
3637	KEMBERLY	0.00	3266
3638	KANISHA	0.00	3266
3639	JULENE	0.00	3266
3640	JULE	0.00	3266
3641	JOSHUA	0.00	3266
3642	JOHANNE	0.00	3266
3643	JEFFREY	0.00	3266
3644	JAMEE	0.00	3266
3645	HAN	0.00	3266
3646	HALLEY	0.00	3266
3647	GIDGET	0.00	3266
3648	GALINA	0.00	3266
3649	FREDRICKA	0.00	3266
3650	FLETA	0.00	3266
3651	FATIMAH	0.00	3266
3652	EUSEBIA	0.00	3266
3653	ELZA	0.00	3266
3654	ELEONORE	0.00	3266
3655	DORTHEY	0.00	3266
3656	DORIA	0.00	3266
3657	DONELLA	0.00	3266
3658	DINORAH	0.00	3266
3659	DELORSE	0.00	3266
3660	CLARETHA	0.00	3266
3661	CHRISTINIA	0.00	3266
3662	CHARLYN	0.00	3266
3663	BONG	0.00	3266
3664	BELKIS	0.00	3266
3665	AZZIE	0.00	3266
3666	ANDERA	0.00	3266
3667	AIKO	0.00	3266
3668	ADENA	0.00	3266
3669	YER	0.00	3266
3670	YAJAIRA	0.00	3266
3671	WAN	0.00	3266
3672	VANIA	0.00	3266
3673	ULRIKE	0.00	3266
3674	TOSHIA	0.00	3266
3675	TIFANY	0.00	3266
3676	STEFANY	0.00	3266
3677	SHIZUE	0.00	3266
3678	SHENIKA	0.00	3266
3679	SHAWANNA	0.00	3266
3680	SHAROLYN	0.00	3266
3681	SHARILYN	0.00	3266
3682	SHAQUANA	0.00	3266
3683	SHANTAY	0.00	3266
3684	SEE	0.00	3266
3685	ROZANNE	0.00	3266
3686	ROSELEE	0.00	3266
3687	RICKIE	0.00	3266
3688	REMONA	0.00	3266
3689	REANNA	0.00	3266
3690	RAELENE	0.00	3266
3691	QUINN	0.00	3266
3692	PHUNG	0.00	3266
3693	PETRONILA	0.00	3266
3694	NATACHA	0.00	3266
3695	NANCEY	0.00	3266
3696	MYRL	0.00	3266
3697	MIYOKO	0.00	3266
3698	MIESHA	0.00	3266
3699	MERIDETH	0.00	3266
3700	MARVELLA	0.00	3266
3701	MARQUITTA	0.00	3266
3702	MARHTA	0.00	3266
3703	MARCHELLE	0.00	3266
3704	LIZETH	0.00	3266
3705	LIBBIE	0.00	3266
3706	LAHOMA	0.00	3266
3707	LADAWN	0.00	3266
3708	KINA	0.00	3266
3709	KATHELEEN	0.00	3266
3710	KATHARYN	0.00	3266
3711	KARISA	0.00	3266
3712	KALEIGH	0.00	3266
3713	JUNIE	0.00	3266
3714	JULIEANN	0.00	3266
3715	JOHNSIE	0.00	3266
3716	JANEAN	0.00	3266
3717	JAIMEE	0.00	3266
3718	JACKQUELINE	0.00	3266
3719	HISAKO	0.00	3266
3720	HERMA	0.00	3266
3721	HELAINE	0.00	3266
3722	GWYNETH	0.00	3266
3723	GLENN	0.00	3266
3724	GITA	0.00	3266
3725	EUSTOLIA	0.00	3266
3726	EMELINA	0.00	3266
3727	ELIN	0.00	3266
3728	EDRIS	0.00	3266
3729	DONNETTE	0.00	3266
3730	DONNETTA	0.00	3266
3731	DIERDRE	0.00	3266
3732	DENAE	0.00	3266
3733	DARCEL	0.00	3266
3734	CLAUDE	0.00	3266
3735	CLARISA	0.00	3266
3736	CINDERELLA	0.00	3266
3737	CHIA	0.00	3266
3738	CHARLESETTA	0.00	3266
3739	CHARITA	0.00	3266
3740	CELSA	0.00	3266
3741	CASSY	0.00	3266
3742	CASSI	0.00	3266
3743	CARLEE	0.00	3266
3744	BRUNA	0.00	3266
3745	BRITTANEY	0.00	3266
3746	BRANDE	0.00	3266
3747	BILLI	0.00	3266
3748	BAO	0.00	3266
3749	ANTONETTA	0.00	3266
3750	ANGLA	0.00	3266
3751	ANGELYN	0.00	3266
3752	ANALISA	0.00	3266
3753	ALANE	0.00	3266
3754	WENONA	0.00	3266
3755	WENDIE	0.00	3266
3756	VERONIQUE	0.00	3266
3757	VANNESA	0.00	3266
3758	TOBIE	0.00	3266
3759	TEMPIE	0.00	3266
3760	SUMIKO	0.00	3266
3761	SULEMA	0.00	3266
3762	SPARKLE	0.00	3266
3763	SOMER	0.00	3266
3764	SHEBA	0.00	3266
3765	SHAYNE	0.00	3266
3766	SHARICE	0.00	3266
3767	SHANEL	0.00	3266
3768	SHALON	0.00	3266
3769	SAGE	0.00	3266
3770	ROY	0.00	3266
3771	ROSIO	0.00	3266
3772	ROSELIA	0.00	3266
3773	RENAY	0.00	3266
3774	REMA	0.00	3266
3775	REENA	0.00	3266
3776	PORSCHE	0.00	3266
3777	PING	0.00	3266
3778	PEG	0.00	3266
3779	OZIE	0.00	3266
3780	ORETHA	0.00	3266
3781	ORALEE	0.00	3266
3782	ODA	0.00	3266
3783	NU	0.00	3266
3784	NGAN	0.00	3266
3785	NAKESHA	0.00	3266
3786	MILLY	0.00	3266
3787	MARYBELLE	0.00	3266
3788	MARLIN	0.00	3266
3789	MARIS	0.00	3266
3790	MARGRETT	0.00	3266
3791	MARAGARET	0.00	3266
3792	MANIE	0.00	3266
3793	LURLENE	0.00	3266
3794	LILLIA	0.00	3266
3795	LIESELOTTE	0.00	3266
3796	LAVELLE	0.00	3266
3797	LASHAUNDA	0.00	3266
3798	LAKEESHA	0.00	3266
3799	KEITH	0.00	3266
3800	KAYCEE	0.00	3266
3801	KALYN	0.00	3266
3802	JOYA	0.00	3266
3803	JOETTE	0.00	3266
3804	JENAE	0.00	3266
3805	JANIECE	0.00	3266
3806	ILLA	0.00	3266
3807	GRISEL	0.00	3266
3808	GLAYDS	0.00	3266
3809	GENEVIE	0.00	3266
3810	GALA	0.00	3266
3811	FREDDA	0.00	3266
3812	FRED	0.00	3266
3813	ELMER	0.00	3266
3814	ELEONOR	0.00	3266
3815	DEBERA	0.00	3266
3816	DEANDREA	0.00	3266
3817	DAN	0.00	3266
3818	CORRINNE	0.00	3266
3819	CORDIA	0.00	3266
3820	CONTESSA	0.00	3266
3821	COLENE	0.00	3266
3822	CLEOTILDE	0.00	3266
3823	CHARLOTT	0.00	3266
3824	CHANTAY	0.00	3266
3825	CECILLE	0.00	3266
3826	BEATRIS	0.00	3266
3827	AZALEE	0.00	3266
3828	ARLEAN	0.00	3266
3829	ARDATH	0.00	3266
3830	ANJELICA	0.00	3266
3831	ANJA	0.00	3266
3832	ALFREDIA	0.00	3266
3833	ALEISHA	0.00	3266
3834	ADAM	0.00	3266
3835	ZADA	0.00	3266
3836	YUONNE	0.00	3266
3837	XIAO	0.00	3266
3838	WILLODEAN	0.00	3266
3839	WHITLEY	0.00	3266
3840	VENNIE	0.00	3266
3841	VANNA	0.00	3266
3842	TYISHA	0.00	3266
3843	TOVA	0.00	3266
3844	TORIE	0.00	3266
3845	TONISHA	0.00	3266
3846	TILDA	0.00	3266
3847	TIEN	0.00	3266
3848	TEMPLE	0.00	3266
3849	SIRENA	0.00	3266
3850	SHERRIL	0.00	3266
3851	SHANTI	0.00	3266
3852	SHAN	0.00	3266
3853	SENAIDA	0.00	3266
3854	SAMELLA	0.00	3266
3855	ROBBYN	0.00	3266
3856	RENDA	0.00	3266
3857	REITA	0.00	3266
3858	PHEBE	0.00	3266
3859	PAULITA	0.00	3266
3860	NOBUKO	0.00	3266
3861	NGUYET	0.00	3266
3862	NEOMI	0.00	3266
3863	MOON	0.00	3266
3864	MIKAELA	0.00	3266
3865	MELANIA	0.00	3266
3866	MAXIMINA	0.00	3266
3867	MARG	0.00	3266
3868	MAISIE	0.00	3266
3869	LYNNA	0.00	3266
3870	LILLI	0.00	3266
3871	LAYNE	0.00	3266
3872	LASHAUN	0.00	3266
3873	LAKENYA	0.00	3266
3874	LAEL	0.00	3266
3875	KIRSTIE	0.00	3266
3876	KATHLINE	0.00	3266
3877	KASHA	0.00	3266
3878	KARLYN	0.00	3266
3879	KARIMA	0.00	3266
3880	JOVAN	0.00	3266
3881	JOSEFINE	0.00	3266
3882	JENNELL	0.00	3266
3883	JACQUI	0.00	3266
3884	JACKELYN	0.00	3266
3885	HYO	0.00	3266
3886	HIEN	0.00	3266
3887	GRAZYNA	0.00	3266
3888	FLORRIE	0.00	3266
3889	FLORIA	0.00	3266
3890	ELEONORA	0.00	3266
3891	DWANA	0.00	3266
3892	DORLA	0.00	3266
3893	DONG	0.00	3266
3894	DELMY	0.00	3266
3895	DEJA	0.00	3266
3896	DEDE	0.00	3266
3897	DANN	0.00	3266
3898	CRYSTA	0.00	3266
3899	CLELIA	0.00	3266
3900	CLARIS	0.00	3266
3901	CLARENCE	0.00	3266
3902	CHIEKO	0.00	3266
3903	CHERLYN	0.00	3266
3904	CHERELLE	0.00	3266
3905	CHARMAIN	0.00	3266
3906	CHARA	0.00	3266
3907	CAMMY	0.00	3266
3908	BEE	0.00	3266
3909	ARNETTE	0.00	3266
3910	ARDELLE	0.00	3266
3911	ANNIKA	0.00	3266
3912	AMIEE	0.00	3266
3913	AMEE	0.00	3266
3914	ALLENA	0.00	3266
3915	YVONE	0.00	3266
3916	YUKI	0.00	3266
3917	YOSHIE	0.00	3266
3918	YEVETTE	0.00	3266
3919	YAEL	0.00	3266
3920	WILLETTA	0.00	3266
3921	VONCILE	0.00	3266
3922	VENETTA	0.00	3266
3923	TULA	0.00	3266
3924	TONETTE	0.00	3266
3925	TIMIKA	0.00	3266
3926	TEMIKA	0.00	3266
3927	TELMA	0.00	3266
3928	TEISHA	0.00	3266
3929	TAREN	0.00	3266
3930	TA	0.00	3266
3931	STACEE	0.00	3266
3932	SHIN	0.00	3266
3933	SHAWNTA	0.00	3266
3934	SATURNINA	0.00	3266
3935	RICARDA	0.00	3266
3936	POK	0.00	3266
3937	PASTY	0.00	3266
3938	ONIE	0.00	3266
3939	NUBIA	0.00	3266
3940	MORA	0.00	3266
3941	MIKE	0.00	3266
3942	MARIELLE	0.00	3266
3943	MARIELLA	0.00	3266
3944	MARIANELA	0.00	3266
3945	MARDELL	0.00	3266
3946	MANY	0.00	3266
3947	LUANNA	0.00	3266
3948	LOISE	0.00	3266
3949	LISABETH	0.00	3266
3950	LINDSY	0.00	3266
3951	LILLIANA	0.00	3266
3952	LILLIAM	0.00	3266
3953	LELAH	0.00	3266
3954	LEIGHA	0.00	3266
3955	LEANORA	0.00	3266
3956	LANG	0.00	3266
3957	KRISTEEN	0.00	3266
3958	KHALILAH	0.00	3266
3959	KEELEY	0.00	3266
3960	KANDRA	0.00	3266
3961	JUNKO	0.00	3266
3962	JOAQUINA	0.00	3266
3963	JERLENE	0.00	3266
3964	JANI	0.00	3266
3965	JAMIKA	0.00	3266
3966	JAME	0.00	3266
3967	HSIU	0.00	3266
3968	HERMILA	0.00	3266
3969	GOLDEN	0.00	3266
3970	GENEVIVE	0.00	3266
3971	EVIA	0.00	3266
3972	EUGENA	0.00	3266
3973	EMMALINE	0.00	3266
3974	ELFREDA	0.00	3266
3975	ELENE	0.00	3266
3976	DONETTE	0.00	3266
3977	DELCIE	0.00	3266
3978	DEEANNA	0.00	3266
3979	DARCEY	0.00	3266
3980	CUC	0.00	3266
3981	CLARINDA	0.00	3266
3982	CIRA	0.00	3266
3983	CHAE	0.00	3266
3984	CELINDA	0.00	3266
3985	CATHERYN	0.00	3266
3986	CATHERIN	0.00	3266
3987	CASIMIRA	0.00	3266
3988	CARMELIA	0.00	3266
3989	CAMELLIA	0.00	3266
3990	BREANA	0.00	3266
3991	BOBETTE	0.00	3266
3992	BERNARDINA	0.00	3266
3993	BEBE	0.00	3266
3994	BASILIA	0.00	3266
3995	ARLYNE	0.00	3266
3996	AMAL	0.00	3266
3997	ALAYNA	0.00	3266
3998	ZONIA	0.00	3266
3999	ZENIA	0.00	3266
4000	YURIKO	0.00	3266